1.000000000000000000e+00 7.712962962962962798e+00 1.910259464274547403e+00
2.000000000000000000e+00 1.447222222222222143e+01 1.983535626160244592e+00
3.000000000000000000e+00 2.782407407407407263e+01 2.383697344788148431e+00
4.000000000000000000e+00 3.801851851851851904e+01 3.094144653784944410e+00
5.000000000000000000e+00 4.564814814814814525e+01 4.474857363368867524e+00
6.000000000000000000e+00 5.124074074074074048e+01 4.927004894363403942e+00
7.000000000000000000e+00 6.082407407407407618e+01 5.879702536730830431e+00
8.000000000000000000e+00 7.430555555555555713e+01 7.091280944378016038e+00
9.000000000000000000e+00 9.308333333333332860e+01 8.052058627962674464e+00
1.000000000000000000e+01 1.128703703703703667e+02 1.003982126205127656e+01
1.100000000000000000e+01 1.344444444444444571e+02 1.246946888688478516e+01
1.200000000000000000e+01 1.538425925925925810e+02 1.230188335252795184e+01
1.300000000000000000e+01 1.699629629629629619e+02 1.251881985173162093e+01
1.500000000000000000e+01 1.983981481481481524e+02 1.275621839268032609e+01
1.800000000000000000e+01 2.251111111111111143e+02 1.405105329736643327e+01
2.000000000000000000e+01 2.374259259259259238e+02 1.466426981911634009e+01
3.000000000000000000e+01 2.687037037037036953e+02 1.896354165783662182e+01
4.000000000000000000e+01 2.921944444444444571e+02 1.943005419891667529e+01
5.000000000000000000e+01 3.047592592592592382e+02 2.209108684446787763e+01
6.000000000000000000e+01 3.301296296296296191e+02 2.324112438815705772e+01
