2.955914968749999971e+01
3.637370614583333150e+01
4.210761264583333485e+01
4.689500799999999714e+01
5.047765306249999639e+01
5.351280020833333850e+01
5.571839239583332670e+01
5.772520483333332919e+01
5.950611197916666839e+01
6.100936424999999730e+01
6.218768995833332980e+01
6.338269612499999539e+01
6.435642950000000440e+01
6.584523022916665980e+01
6.658608985416667281e+01
6.746987814583333432e+01
6.834494995833333064e+01
6.901340237499999830e+01
6.949828424999999754e+01
6.982313389583332253e+01
7.019700887499999453e+01
7.073641064583334526e+01
7.125646137500000066e+01
7.152674083333333499e+01
7.202380358333333277e+01
7.227114860416666886e+01
7.255092068750001033e+01
7.284264631249999411e+01
7.310127208333334181e+01
7.336464652083333249e+01
7.370512360416667264e+01
7.402190174999999783e+01
7.414654595833333417e+01
7.429111799999999732e+01
7.435271687499999871e+01
7.449082652083332334e+01
7.472940689583333551e+01
7.487031104166665330e+01
7.507166710416667854e+01
7.524114624999999990e+01
7.537748600000000465e+01
7.541757137500000852e+01
7.558083691666666937e+01
7.573644083333333299e+01
7.585881854166666471e+01
7.609138795833332836e+01
7.619827922916665841e+01
7.621055531250000570e+01
7.636863393750000739e+01
7.645751275000000646e+01
7.658282033333334482e+01
7.682945591666667440e+01
7.696533839583334213e+01
7.718851620833332561e+01
7.739540022916666828e+01
7.747571668749999674e+01
7.760987279166666042e+01
7.777452256249999607e+01
7.787582018749999690e+01
7.790645681249999654e+01
7.795440143749999606e+01
7.808164554166665994e+01
7.824656314583333483e+01
7.829693037500000230e+01
7.857022172916666136e+01
7.860103283333333479e+01
7.860269272916666239e+01
7.875320937499999729e+01
7.871776572916667192e+01
7.876284037499999613e+01
7.890980854166666347e+01
7.891582918749999465e+01
7.897192345833333604e+01
7.901088064583332482e+01
7.915466052083333182e+01
7.914385535416666073e+01
7.920532485416667612e+01
7.929303310416666761e+01
7.932928660416666844e+01
7.937753335416665834e+01
7.955973418749999837e+01
7.975031712499999514e+01
7.965472164583333381e+01
7.964442854166667018e+01
7.970292797916665961e+01
7.966611533333332318e+01
7.975448593750000725e+01
7.976382568750000246e+01
7.990484529166666050e+01
8.009512483333332966e+01
7.998919091666665793e+01
7.998954372916666955e+01
8.018359860416666152e+01
8.020927735416665882e+01
8.030624535416666276e+01
8.027569189583333298e+01
8.034248441666666452e+01
8.037129085416665930e+01
8.046051220833332707e+01
8.062121393750000209e+01
