1.976871460416666793e+01
2.567230650000000125e+01
2.924621439583333427e+01
3.157866066666666782e+01
3.362483412499999957e+01
3.523179052083333573e+01
3.658621304166666732e+01
3.783909077083333017e+01
3.883888631250000145e+01
3.974358681250000558e+01
4.051553160416666799e+01
4.118783322916666378e+01
4.167236989583333440e+01
4.219504260416666597e+01
4.270607929166666139e+01
4.308319487500000378e+01
4.345899189583332856e+01
4.383556302083334089e+01
4.423136685416667291e+01
4.455163445833333213e+01
4.492562591666666805e+01
4.524196254166665909e+01
4.553263820833333142e+01
4.577702024999999963e+01
4.608041793749999471e+01
4.626620793750000615e+01
4.645409685416666434e+01
4.670911129166666598e+01
4.688752366666667371e+01
4.703387552083333389e+01
4.722359720833333085e+01
4.732839143750000943e+01
4.750202335416665989e+01
4.771958304166665954e+01
4.792199264583333473e+01
4.810240225000001146e+01
4.823293291666666249e+01
4.839584924999999060e+01
4.849409239583334141e+01
4.853433672916666097e+01
4.871049310416666600e+01
4.887764133333333660e+01
4.898660593749999492e+01
4.912162716666666284e+01
4.924745918749999873e+01
4.933976489583333347e+01
4.954616345833333213e+01
4.962476568749999473e+01
4.972333416666666039e+01
4.983629010416666461e+01
4.988326404166667061e+01
4.998324814583333620e+01
5.013312733333333426e+01
5.024092852083333582e+01
5.036035935416666831e+01
5.045961806249999881e+01
5.046749941666666928e+01
5.052536114583333671e+01
5.051777247916666624e+01
5.057436516666666648e+01
5.058589633333333069e+01
5.067554683333332832e+01
5.079442852083334259e+01
5.089491720833333233e+01
5.093201022916667142e+01
5.094824187500000789e+01
5.100834681250000102e+01
5.103941577083332959e+01
5.107112727083333681e+01
5.114457910416666664e+01
5.110325652083332670e+01
5.119889406249999553e+01
5.133112531249999932e+01
5.131652241666666470e+01
5.137593774999999852e+01
5.141890002083332689e+01
5.134993641666667230e+01
5.145989454166667088e+01
5.145839966666667209e+01
5.157309254166667500e+01
5.161324881249999663e+01
5.157436720833334221e+01
5.164195752083333701e+01
5.167660970833333067e+01
5.168069129166666897e+01
5.181317414583332948e+01
5.172122487499999721e+01
5.181177714583333227e+01
5.180682322916666038e+01
5.178629141666666413e+01
5.185383197916667086e+01
5.191916397916666170e+01
5.192836612500000371e+01
5.192326643749999704e+01
5.195007802083333104e+01
5.203549393750000718e+01
5.204674027083333954e+01
5.222066102083332595e+01
5.219678708333333361e+01
5.213027050000000173e+01
