4.382878716666666463e+01
4.966830320833332735e+01
5.396423204166666210e+01
5.851288877083333517e+01
6.225502841666666853e+01
6.548432637500000908e+01
6.801871674999999584e+01
7.008286456250000640e+01
7.162609543749999830e+01
7.338606102083333838e+01
7.475233202083332174e+01
7.634134427083331786e+01
7.748823966666667218e+01
7.868320708333332902e+01
7.928509360416667562e+01
8.054348970833332544e+01
8.160263508333332538e+01
8.234801106249999236e+01
8.366804397916666858e+01
8.417842666666666673e+01
8.440922566666667137e+01
8.507211731249999787e+01
8.543581479166668657e+01
8.595747612499998525e+01
8.649416635416666566e+01
8.685650049999999567e+01
8.727813037500000348e+01
8.763121993750000627e+01
8.774247972916667493e+01
8.825447414583334194e+01
8.859515918749998775e+01
8.900276470833334486e+01
8.918051733333334141e+01
8.954274995833333151e+01
8.990271866666665801e+01
8.996941624999999476e+01
9.022117224999999507e+01
9.051922716666668123e+01
9.058829889583334705e+01
9.081150245833333656e+01
9.086654085416667215e+01
9.099155483333333905e+01
9.116866000000000270e+01
9.125231091666667282e+01
9.160605577083333628e+01
9.191742154166665557e+01
9.205030908333333173e+01
9.249614402083334141e+01
9.266942833333332885e+01
9.273020618750000210e+01
9.301262312499999041e+01
9.309430835416667094e+01
9.315350504166667633e+01
9.341857539583334358e+01
9.360528614583331830e+01
9.371029043749997811e+01
9.378108720833331802e+01
9.379729820833334486e+01
9.408803556250001066e+01
9.417869602083334257e+01
9.425111183333332576e+01
9.435661683333334793e+01
9.441133954166667763e+01
9.498249187500000801e+01
9.496076327083333979e+01
9.513185600000001330e+01
9.527631829166665511e+01
9.566829304166667214e+01
9.559795333333333645e+01
9.572260647916665732e+01
9.575693352083334275e+01
9.584882958333334102e+01
9.607211010416666852e+01
9.630863679166667168e+01
9.663145343749999938e+01
9.682208527083332683e+01
9.684897256250000908e+01
9.723609843750000437e+01
9.740825031250000166e+01
9.730814504166666268e+01
9.727145647916665894e+01
9.746942377083333042e+01
9.752115452083334901e+01
9.779803435416665991e+01
9.781320252083332889e+01
9.795002739583333096e+01
9.792361875000000282e+01
9.793787352083332109e+01
9.811835831250000695e+01
9.816706824999999981e+01
9.818712049999999181e+01
9.831920672916665183e+01
9.861587204166666254e+01
9.868536485416666437e+01
9.872146960416667127e+01
9.865240258333334111e+01
9.888805733333333592e+01
9.887166608333332363e+01
9.897051943750000191e+01
9.896123266666667462e+01
