2.923326752083333346e+01
3.614335654166666956e+01
4.184177052083333592e+01
4.627116410416666525e+01
4.994226843749999745e+01
5.253728629166666764e+01
5.491625845833334552e+01
5.658729368749999367e+01
5.833818927083333250e+01
5.985173160416666605e+01
6.116121174999999965e+01
6.201895381249999417e+01
6.301504091666667051e+01
6.419710972916666947e+01
6.495126312500001120e+01
6.566265912500000468e+01
6.618763520833333303e+01
6.710484399999999994e+01
6.761864381249999667e+01
6.802083185416665856e+01
6.861618154166666272e+01
6.902203097916667218e+01
6.945905012499999032e+01
7.008915556250001089e+01
7.042619039583333063e+01
7.062169262499999434e+01
7.101143935416666864e+01
7.135184737499999130e+01
7.161071216666665862e+01
7.190532985416666634e+01
7.206105968750000557e+01
7.242793835416667036e+01
7.270323314583333740e+01
7.288870554166666693e+01
7.301800468749999595e+01
7.329114287500000557e+01
7.357632449999999835e+01
7.378352895833333491e+01
7.397816672916665937e+01
7.418732416666667007e+01
7.447504995833332941e+01
7.468062322916667028e+01
7.484176564583333402e+01
7.497462989583333126e+01
7.498569077083332957e+01
7.522524516666668148e+01
7.524938020833333496e+01
7.531665035416666854e+01
7.541656991666667409e+01
7.547891718750000223e+01
7.558866466666665929e+01
7.574661774999999864e+01
7.581035833333332619e+01
7.591538018750000560e+01
7.600808656249999729e+01
7.614906481250000070e+01
7.631053735416666939e+01
7.641239506250001057e+01
7.644365497916666641e+01
7.651154293750001045e+01
7.655595397916667366e+01
7.659419877083333006e+01
7.667409304166666573e+01
7.674284339583333292e+01
7.690044631249999441e+01
7.701431752083333038e+01
7.708574183333332996e+01
7.715409947916667477e+01
7.728146429166666564e+01
7.738190883333332692e+01
7.737314514583333391e+01
7.749290731249999453e+01
7.763312029166665695e+01
7.763892052083332374e+01
7.773959297916665889e+01
7.783028160416667163e+01
7.791980181249999760e+01
7.801641260416666057e+01
7.800045022916667392e+01
7.808181785416665832e+01
7.813525562499999921e+01
7.819826320833333000e+01
7.824109277083333325e+01
7.823928510416666882e+01
7.827713660416667096e+01
7.832029233333332741e+01
7.833960297916667059e+01
7.839721572916666048e+01
7.837759910416666287e+01
7.842785083333333773e+01
7.843998683333333588e+01
7.843455933333333974e+01
7.845284435416665758e+01
7.845228149999999800e+01
7.845997879166667133e+01
7.855657095833333869e+01
7.866452585416665499e+01
7.867042170833333614e+01
7.868394687499998952e+01
7.871750281250000114e+01
