2.852328960416666703e+01
3.565711347916666796e+01
4.143666064583333508e+01
4.650051491666666692e+01
4.992677154166666043e+01
5.279831487499999554e+01
5.522994254166667361e+01
5.733840381249999751e+01
5.904254402083333275e+01
6.037834393749999862e+01
6.159980874999999401e+01
6.294786483333333393e+01
6.404828987500000892e+01
6.465842937500001142e+01
6.540243985416667272e+01
6.617699724999999944e+01
6.699780752083334789e+01
6.750653143750000140e+01
6.809886202083333728e+01
6.868470010416666582e+01
6.919272545833332799e+01
6.955904812500000389e+01
6.989883520833332398e+01
7.044248768749999101e+01
7.059947647916666824e+01
7.093350635416665284e+01
7.110105074999999886e+01
7.140444050000000686e+01
7.169603825000000086e+01
7.193827537500000346e+01
7.207389177083334175e+01
7.225813595833334091e+01
7.234489077083333086e+01
7.256973581249999938e+01
7.290139470833332780e+01
7.317677952083333537e+01
7.329115795833332925e+01
7.354032077083333263e+01
7.376076104166666880e+01
7.386512058333333641e+01
7.405023322916666473e+01
7.416150797916667159e+01
7.426150141666666116e+01
7.442551358333334122e+01
7.454249316666667369e+01
7.459420645833334618e+01
7.471874268749999715e+01
7.492767227083334092e+01
7.504564583333332450e+01
7.506877070833333221e+01
7.515415866666667455e+01
7.521818206249999150e+01
7.541469452083333636e+01
7.549674662500000011e+01
7.563223145833333660e+01
7.565325587499999926e+01
7.568112516666667489e+01
7.578683770833333710e+01
7.585527487500000632e+01
7.593081458333332989e+01
7.594471537500000125e+01
7.594593335416666946e+01
7.608028033333333440e+01
7.622958506250000710e+01
7.634756850000000838e+01
7.643346220833332438e+01
7.646798693749998677e+01
7.647628891666666107e+01
7.643711970833332714e+01
7.657447718749999410e+01
7.659807597916666566e+01
7.663684499999999389e+01
7.674598983333333990e+01
7.683063956249999649e+01
7.697008606250000184e+01
7.698992218749999950e+01
7.710471152083333379e+01
7.714705095833333814e+01
7.722489739583333801e+01
7.728853104166667265e+01
7.730842639583333664e+01
7.738646839583331882e+01
7.738819043749998627e+01
7.739466695833333176e+01
7.752068616666666401e+01
7.755574875000000645e+01
7.755773160416666201e+01
7.762359229166666807e+01
7.765939508333333663e+01
7.771894622916666151e+01
7.772089141666667444e+01
7.777994212500000515e+01
7.781780770833333349e+01
7.787592785416666175e+01
7.793635120833333474e+01
7.803505574999999794e+01
7.808761620833332984e+01
7.800609816666666063e+01
7.816706429166667647e+01
7.804364737499999194e+01
