1.846128697916666894e+01
2.310710593750000541e+01
2.606122591666667176e+01
2.822851295833332941e+01
2.976543768749999685e+01
3.090767677083333709e+01
3.212094493749999913e+01
3.299223202083333462e+01
3.368008781250000538e+01
3.425175462499999668e+01
3.478765191666666823e+01
3.533462993749999725e+01
3.576999695833333703e+01
3.620160418750000275e+01
3.653041339583332814e+01
3.687291541666666461e+01
3.720588264583333427e+01
3.763689443749999697e+01
3.786605614583333335e+01
3.819384504166666261e+01
3.855570652083333272e+01
3.885107239583333438e+01
3.916577912500000025e+01
3.946385264583333452e+01
3.966400395833333192e+01
3.991664018750000054e+01
4.010829954166666766e+01
4.028955099999999589e+01
4.051976068750000337e+01
4.074118077083333134e+01
4.087487016666666051e+01
4.105309964583333482e+01
4.119293095833333496e+01
4.128411677083333586e+01
4.136873079166666400e+01
4.146796810416666546e+01
4.160752454166667036e+01
4.171179360416666526e+01
4.177543558333333351e+01
4.195635181250000301e+01
4.206026762500000160e+01
4.216747143749999793e+01
4.229369641666666979e+01
4.226737149999999588e+01
4.236489429166666554e+01
4.252820287499999807e+01
4.258925847916666640e+01
4.269861904166666733e+01
4.278538837499999659e+01
4.285336204166666363e+01
4.296318683333333865e+01
4.301233066666666360e+01
4.307211837499999518e+01
4.309858320833333067e+01
4.316088368749999660e+01
4.323502641666667046e+01
4.325696435416666219e+01
4.331767737499999527e+01
4.335205537499999906e+01
4.341412874999999616e+01
4.347270166666666569e+01
4.351516572916665382e+01
4.361600264583333342e+01
4.362780222916666872e+01
4.377990825000000541e+01
4.383069460416665919e+01
4.385541758333332751e+01
4.384110077083332868e+01
4.391069591666666838e+01
4.392212856250000641e+01
4.398370125000000286e+01
4.387759064583332247e+01
4.407415606250000195e+01
4.390716541666666473e+01
4.405410249999999905e+01
4.405182564583333260e+01
4.410467450000000866e+01
4.412520549999999986e+01
4.426864874999998989e+01
4.421020162500000339e+01
4.418967649999999736e+01
4.421436647916667084e+01
4.444985231250000624e+01
4.433411133333333964e+01
4.441328166666666988e+01
4.440668083333333271e+01
4.441734952083334065e+01
4.435978606250000666e+01
4.445509706250000903e+01
4.445451402083333647e+01
4.449171787500000619e+01
4.448215764583333254e+01
4.448546768749999814e+01
4.450367608333332470e+01
4.465947522916666657e+01
4.468738187499999981e+01
4.465439189583332791e+01
4.463677795833333306e+01
4.460175568749999542e+01
4.469917816666666255e+01
