2.813987331249999713e+01
3.517606533333333374e+01
4.097306002083333709e+01
4.563626527083334139e+01
4.868548600000000448e+01
5.150076133333334383e+01
5.371193854166666171e+01
5.587635806250000314e+01
5.742790314583334066e+01
5.885919591666667117e+01
6.033614675000000460e+01
6.124970466666667335e+01
6.230487093750000582e+01
6.299246164583333751e+01
6.407270168750000039e+01
6.501327968750000252e+01
6.560849156249999226e+01
6.612968943750000506e+01
6.657827910416666839e+01
6.713023187499999267e+01
6.747648614583333426e+01
6.786943097916666545e+01
6.823070377083332971e+01
6.861772618749999708e+01
6.894045558333333190e+01
6.918258762500001069e+01
6.938482824999999821e+01
6.985051662499999736e+01
7.018527758333333111e+01
7.044352081249999742e+01
7.063254537500000652e+01
7.090162206249999599e+01
7.110662679166667033e+01
7.148263229166666122e+01
7.169932804166666074e+01
7.206225433333332830e+01
7.228217054166667310e+01
7.240448979166666277e+01
7.260803541666666661e+01
7.276131320833333405e+01
7.291713062499998443e+01
7.301705654166666193e+01
7.310332287500000348e+01
7.331717464583333310e+01
7.338476327083333217e+01
7.357586102083332946e+01
7.361911131250001006e+01
7.382566891666665754e+01
7.397883820833332891e+01
7.409357993749999594e+01
7.426259449999999163e+01
7.432857972916666256e+01
7.437838664583333070e+01
7.457240068750000717e+01
7.468760645833333456e+01
7.470131750000000181e+01
7.474729518750000068e+01
7.478567052083333522e+01
7.478439989583334579e+01
7.480264806249999765e+01
7.489599958333333518e+01
7.494869420833333606e+01
7.502753991666666877e+01
7.507027200000000278e+01
7.517189125000000161e+01
7.527016333333334330e+01
7.536163224999999954e+01
7.537636772916665961e+01
7.548279085416668011e+01
7.553463152083334364e+01
7.553770925000000602e+01
7.562286129166666626e+01
7.565445087499999488e+01
7.571055847916666437e+01
7.572402225000000442e+01
7.578540372916666001e+01
7.587298327083333049e+01
7.591764370833332976e+01
7.599464037500000302e+01
7.608018820833332541e+01
7.614017329166667025e+01
7.625391712500000096e+01
7.628158104166666931e+01
7.631069366666666554e+01
7.637718683333332592e+01
7.634261160416666314e+01
7.640399895833333233e+01
7.648741727083334752e+01
7.654615493750000610e+01
7.656415852083334528e+01
7.657998252083332602e+01
7.659921820833334039e+01
7.663785114583333780e+01
7.676441227083333274e+01
7.688049802083332906e+01
7.699770195833333730e+01
7.706181772916666262e+01
7.712012914583333156e+01
7.714560914583333329e+01
7.719589072916666339e+01
