3.818137020833333395e+01
4.435184591666666165e+01
4.963279424999999634e+01
5.425214041666666276e+01
5.779310112499999974e+01
6.082093989583334093e+01
6.350325189583332985e+01
6.606211908333332872e+01
6.802856410416666222e+01
6.973447745833333045e+01
7.164345322916666703e+01
7.314738312499999040e+01
7.441387070833333439e+01
7.520371735416667036e+01
7.588061622916666238e+01
7.674061997916668076e+01
7.754304006249999759e+01
7.824728837499999656e+01
7.927070356250000316e+01
8.031125143750000461e+01
8.073385416666667425e+01
8.141291606250000257e+01
8.198324004166666157e+01
8.210522481249999771e+01
8.264267372916667398e+01
8.298344081250000670e+01
8.334005308333333062e+01
8.382843412500000113e+01
8.396912916666666149e+01
8.415208572916667151e+01
8.450949368750001156e+01
8.493363460416667010e+01
8.524468747916665734e+01
8.549907110416666001e+01
8.578037914583332224e+01
8.589341479166667170e+01
8.635778770833333340e+01
8.674012241666666512e+01
8.727950735416668238e+01
8.755862983333332750e+01
8.768171639583333388e+01
8.803785377083333685e+01
8.807800768750000486e+01
8.822274581249997993e+01
8.846381283333333556e+01
8.868014560416666825e+01
8.890174281249998955e+01
8.900943118750001304e+01
8.938802889583332956e+01
8.971931008333332613e+01
8.987550014583332825e+01
8.995029966666668031e+01
8.999269387499998629e+01
9.017970072916666879e+01
9.027638743749999151e+01
9.036518597916665385e+01
9.047096627083332976e+01
9.066862450000000706e+01
9.079094833333333270e+01
9.074083714583332494e+01
9.088405414583333197e+01
9.086686035416668972e+01
9.116527012500000637e+01
9.124348989583332070e+01
9.137399697916667662e+01
9.151145302083334343e+01
9.149315760416668297e+01
9.162179400000000840e+01
9.188772966666665809e+01
9.198072364583333638e+01
9.214360385416667043e+01
9.231549808333333829e+01
9.247084070833334124e+01
9.251728529166666704e+01
9.253730220833331543e+01
9.253375739583334791e+01
9.264873625000001311e+01
9.264596610416664646e+01
9.268379695833334608e+01
9.282347847916666694e+01
9.294188883333333706e+01
9.298450429166666709e+01
9.295799062499997945e+01
9.302722877083333231e+01
9.312312622916665816e+01
9.324369333333333998e+01
9.334531789583331829e+01
9.340624741666665898e+01
9.365223408333334021e+01
9.355691408333332504e+01
9.334809741666667549e+01
9.344446162499998820e+01
9.350425749999999425e+01
9.353704860416667088e+01
9.371739556249998770e+01
9.383345066666667833e+01
9.381878902083332150e+01
9.383633700000000033e+01
9.390637308333332101e+01
9.374930512499999224e+01
