2.726696877083333348e+01
3.461277927083333594e+01
4.043744518750000339e+01
4.489051231249999319e+01
4.844874614583333283e+01
5.080888556250000221e+01
5.311919974999999994e+01
5.463732552083333616e+01
5.646210197916665408e+01
5.780384287500000795e+01
5.922397468750000371e+01
6.018186229166667545e+01
6.117010868750000441e+01
6.193782735416666441e+01
6.275552235416666491e+01
6.359993141666666361e+01
6.438604464583333709e+01
6.489399416666667264e+01
6.531752791666666269e+01
6.587093385416666536e+01
6.648057466666666926e+01
6.706559852083331918e+01
6.754159491666666781e+01
6.788411439583332196e+01
6.828509089583333491e+01
6.879085041666665745e+01
6.892340164583333717e+01
6.935329472916666305e+01
6.999715125000000171e+01
7.023791697916665555e+01
7.036469385416666000e+01
7.074768343750000099e+01
7.097456000000001097e+01
7.121569108333333986e+01
7.149238624999999558e+01
7.172760868749999474e+01
7.188872314583333889e+01
7.203262593749998643e+01
7.229947964583332976e+01
7.227677766666666059e+01
7.238251900000000205e+01
7.256368472916666690e+01
7.271650052083333549e+01
7.285812337500000524e+01
7.302200733333333460e+01
7.311384935416667474e+01
7.305115522916666748e+01
7.330202406249999569e+01
7.343013574999999094e+01
7.349323543750000454e+01
7.352252420833333701e+01
7.355826795833333165e+01
7.368522043750000705e+01
7.391966970833333050e+01
7.400065981249998970e+01
7.408483154166667362e+01
7.407845216666667909e+01
7.411993770833333883e+01
7.421440785416666586e+01
7.437669816666667089e+01
7.458631131250000124e+01
7.477729127083334504e+01
7.490896610416666590e+01
7.493545575000000269e+01
7.497119300000001374e+01
7.510231091666666714e+01
7.510922670833333825e+01
7.520264908333332698e+01
7.521937468750000733e+01
7.520038872916667572e+01
7.525829087500000014e+01
7.523666300000000717e+01
7.530124693750001086e+01
7.534680054166666707e+01
7.538163750000001073e+01
7.540503633333332800e+01
7.547765377083332794e+01
7.554568383333332804e+01
7.565225489583333740e+01
7.570714652083333362e+01
7.572897606249999569e+01
7.568902743750000184e+01
7.576176206250001144e+01
7.583896570833333328e+01
7.595561852083334031e+01
7.606412166666666508e+01
7.615558572916667401e+01
7.621135858333333601e+01
7.623433410416666334e+01
7.625090699999999799e+01
7.635261035416667141e+01
7.642345364583333378e+01
7.649402789583332662e+01
7.650055464583333276e+01
7.646653331250000463e+01
7.658089543749998995e+01
7.660156449999999495e+01
7.670813931249999484e+01
7.667732685416666527e+01
7.679371514583333180e+01
