1.172339182083333213e+02
1.195539193750000067e+02
1.180175272500000148e+02
1.193214002291666702e+02
1.213757143333333488e+02
1.223397991458333394e+02
1.235029138333333520e+02
1.243759477916666611e+02
1.255504267708333259e+02
1.272589642291666792e+02
1.279768612499999989e+02
1.290267995625000026e+02
1.302072395208333262e+02
1.310331957083333236e+02
1.315235979374999999e+02
1.325134481249999965e+02
1.334634738958333458e+02
1.343574668958333405e+02
1.351589788124999814e+02
1.360854544166666642e+02
1.369755684791666681e+02
1.371114163749999761e+02
1.383040009166666948e+02
1.387785357291666628e+02
1.388506357083333285e+02
1.389638484374999905e+02
1.396858404791666715e+02
1.402089847916666656e+02
1.402439145208333287e+02
1.404811095833333354e+02
1.405789746041666604e+02
1.405106744583333409e+02
1.404781897083333035e+02
1.410697480000000041e+02
1.411674225000000149e+02
1.411056149791666883e+02
1.414875843750000115e+02
1.417476713333333294e+02
1.419154467291666606e+02
1.416971138750000136e+02
1.420208603750000123e+02
1.423586403958333335e+02
1.419077016458333276e+02
1.422127108124999779e+02
1.425512644583333213e+02
1.426646008749999908e+02
1.431357237916666634e+02
1.431828767708333316e+02
1.437410256249999918e+02
1.436775672500000098e+02
1.442041990416666692e+02
1.448811428749999948e+02
1.448036781874999974e+02
1.452127185000000225e+02
1.451594767083333579e+02
1.452866664166666624e+02
1.455114228125000011e+02
1.453277407500000038e+02
1.455847134374999996e+02
1.463155160833333355e+02
1.468527233333333299e+02
1.471655769791666728e+02
1.472342845000000011e+02
1.471606912083333327e+02
1.472952892708333366e+02
1.473946741250000230e+02
1.474117606249999994e+02
1.475252606875000083e+02
1.476968932500000165e+02
1.479553965208333466e+02
1.482359579583333300e+02
1.483227822916666696e+02
1.484609256458333277e+02
1.483751923124999905e+02
1.483895908749999819e+02
1.481570924999999761e+02
1.482222912500000120e+02
1.485138806249999845e+02
1.487581946458333277e+02
1.487485745833333510e+02
1.487325764166666602e+02
1.494094535000000121e+02
1.495973725624999986e+02
1.495624341666666623e+02
1.493420057083333461e+02
1.492569173125000077e+02
1.491992105416666448e+02
1.490864554166666665e+02
1.494402736458333436e+02
1.495505456250000123e+02
1.495289733541666806e+02
1.497689107500000034e+02
1.498892666041666644e+02
1.499656050416666631e+02
1.499139649166666857e+02
1.498040211041666510e+02
1.497586450416666537e+02
1.497362323749999860e+02
1.497376741875000050e+02
1.495110815208333293e+02
