1.919761149999999716e+01
2.483553433333333160e+01
2.829574897916667098e+01
3.072828408333333172e+01
3.250632127083333245e+01
3.395254377083332997e+01
3.499903049999999638e+01
3.610100062500000462e+01
3.687538352083333137e+01
3.766302327083332813e+01
3.829050629166666653e+01
3.884630031249999860e+01
3.949319093750000320e+01
3.987643824999999964e+01
4.022237025000000443e+01
4.066146825000000575e+01
4.104434691666666168e+01
4.141471129166666998e+01
4.165808383333333609e+01
4.193912679166666635e+01
4.238000935416666692e+01
4.265528329166667021e+01
4.292067735416666352e+01
4.309574745833333509e+01
4.327665074999999462e+01
4.346498608333333635e+01
4.355538339583333141e+01
4.378001804166666489e+01
4.392868254166666020e+01
4.425321974999999952e+01
4.438594568749999780e+01
4.454085975000000275e+01
4.468608333333333604e+01
4.485545358333333610e+01
4.494130372916665550e+01
4.509347689583332652e+01
4.528650666666667490e+01
4.541034737499999352e+01
4.552397158333332783e+01
4.561704918749999393e+01
4.564141393749999764e+01
4.568173524999999557e+01
4.579290514583333760e+01
4.587621595833333998e+01
4.605675325000000697e+01
4.610603549999999728e+01
4.617734872916665978e+01
4.631938662499999992e+01
4.638824881250000232e+01
4.649839339583333953e+01
4.651812558333332959e+01
4.655374585416666378e+01
4.663077687500000224e+01
4.670979760416665982e+01
4.682948820833333770e+01
4.686886731249999372e+01
4.694619106249999874e+01
4.699750408333333240e+01
4.708561112500000689e+01
4.707544970833333764e+01
4.712533595833334488e+01
4.720609147916667325e+01
4.720964762500000234e+01
4.724100604166667239e+01
4.733924860416666291e+01
4.744475458333332796e+01
4.759239933333333283e+01
4.760877883333333216e+01
4.761066212500000461e+01
4.767358068749999944e+01
4.768641697916666544e+01
4.772416231249999896e+01
4.783153899999999936e+01
4.779155522916666854e+01
4.783115445833333723e+01
4.784026943750000527e+01
4.784145097916666600e+01
4.775383129166666407e+01
4.794175833333332548e+01
4.786754041666666382e+01
4.781999181249999964e+01
4.790753708333333094e+01
4.787403758333332604e+01
4.806503081250000520e+01
4.804974672916666378e+01
4.804551056249999874e+01
4.814805806249999165e+01
4.816286983333333183e+01
4.819774231249999730e+01
4.822474935416666852e+01
4.815130160416666882e+01
4.810317010416665795e+01
4.817851435416667272e+01
4.821930522916667172e+01
4.824761402083333905e+01
4.808166314583333900e+01
4.832972766666667752e+01
4.833416422916666733e+01
4.828061647916666743e+01
4.838282404166665884e+01
