2.246789577083333711e+01
2.950655431249999694e+01
3.416988093750000388e+01
3.747383062499999795e+01
4.016566964583333288e+01
4.244153372916667166e+01
4.411959845833333560e+01
4.555860966666667622e+01
4.686527706250000591e+01
4.794312164583333669e+01
4.857798735416665892e+01
4.945893352083333383e+01
5.032974491666666239e+01
5.118904627083333025e+01
5.161005747916666309e+01
5.217565185416666651e+01
5.266771022916666567e+01
5.323362189583332338e+01
5.370601102083332989e+01
5.418521766666666650e+01
5.438869977083334106e+01
5.475584677083332963e+01
5.495347631249999409e+01
5.528375089583332880e+01
5.556600760416666418e+01
5.599037564583333193e+01
5.640725220833333964e+01
5.687084981250000482e+01
5.714010683333333418e+01
5.737899918749999983e+01
5.766619481250000234e+01
5.777275237500000316e+01
5.798456360416665945e+01
5.811018579166667308e+01
5.832759145833333747e+01
5.849272560416667233e+01
5.861971514583333231e+01
5.869591593750001124e+01
5.876688706249999683e+01
5.890879039583332855e+01
5.903580831249999505e+01
5.910552554166665828e+01
5.928039585416667023e+01
5.931623037500000351e+01
5.940151562500000182e+01
5.952476302083332627e+01
5.967926437500000247e+01
5.986096324999999752e+01
5.994297641666666010e+01
6.008152935416666196e+01
6.012159264583332430e+01
6.016802377083333653e+01
6.027183481250000341e+01
6.033025864583333231e+01
6.040544306249999096e+01
6.058771208333333647e+01
6.062131810416665445e+01
6.064842287499999429e+01
6.069930412500000472e+01
6.072334218750000900e+01
6.079402858333333626e+01
6.083925516666666766e+01
6.091808635416666817e+01
6.101492177083333246e+01
6.108903185416665593e+01
6.112362424999999888e+01
6.113008533333333361e+01
6.113955585416666594e+01
6.117415185416666645e+01
6.124539072916666527e+01
6.136542116666667113e+01
6.151491131249999711e+01
6.161434629166666355e+01
6.169959537500000124e+01
6.172568139583333391e+01
6.174315010416666638e+01
6.175210935416667013e+01
6.174527064583332958e+01
6.185550181250000179e+01
6.193102124999999347e+01
6.193569918750000625e+01
6.199945687499999991e+01
6.202009931250000818e+01
6.199469354166666335e+01
6.202657335416666484e+01
6.205978287499999624e+01
6.208699543750000061e+01
6.212633514583333039e+01
6.212107227083333783e+01
6.211637868750000280e+01
6.212413679166667180e+01
6.219715695833333058e+01
6.221185020833333823e+01
6.223626164583333775e+01
6.226468406250000243e+01
6.225166554166667510e+01
6.228285427083333303e+01
6.232975874999999633e+01
6.237008779166666272e+01
6.242280306250000166e+01
