2.060748918750000058e+01
2.686592041666666475e+01
3.073535431250000372e+01
3.356918454166666521e+01
3.581389577083333364e+01
3.746147479166666727e+01
3.894667216666666576e+01
4.012963068749999707e+01
4.122363854166666641e+01
4.206227579166667141e+01
4.286585491666667025e+01
4.358179854166667155e+01
4.427403566666666990e+01
4.498907781249999971e+01
4.550386706249999946e+01
4.600118333333333709e+01
4.635636731249999798e+01
4.674514679166666298e+01
4.722406039583333381e+01
4.760641806250000485e+01
4.787771797916666827e+01
4.823879318749999356e+01
4.848701966666666152e+01
4.876394281249999807e+01
4.928259712500000234e+01
4.957566764583333452e+01
4.970486662500000108e+01
4.999222618750000180e+01
5.024773645833332836e+01
5.045889879166666248e+01
5.063662695833333061e+01
5.084253658333333448e+01
5.098507850000000730e+01
5.112758277083332814e+01
5.131167502083332721e+01
5.154934750000000321e+01
5.172444691666666472e+01
5.176647808333333955e+01
5.187768643749999598e+01
5.205253712500000773e+01
5.217870152083332869e+01
5.232139212500000980e+01
5.234198531249999320e+01
5.248783414583332529e+01
5.258166535416665965e+01
5.272965106250000389e+01
5.282835795833333492e+01
5.297893964583332860e+01
5.301194820833332955e+01
5.313585485416666643e+01
5.322962758333333255e+01
5.329360822916666507e+01
5.331129874999999885e+01
5.336091120833333434e+01
5.345047039583332804e+01
5.346864035416667349e+01
5.352465733333333020e+01
5.357688145833333238e+01
5.365339793749999586e+01
5.375537993750000254e+01
5.377559593749999323e+01
5.384831820833333182e+01
5.395303610416666373e+01
5.396566852083333288e+01
5.402336433333332621e+01
5.410980845833333319e+01
5.413708560416666415e+01
5.417161360416667293e+01
5.423401452083333396e+01
5.437487364583333260e+01
5.445273339583334149e+01
5.453371116666667007e+01
5.460259845833332548e+01
5.463516708333332872e+01
5.467710054166666822e+01
5.470148845833332985e+01
5.482456854166667171e+01
5.487099843749999906e+01
5.485736985416667011e+01
5.500189131249999974e+01
5.499329029166667482e+01
5.506633775000000242e+01
5.519230568750000288e+01
5.516566379166666678e+01
5.521350660416666756e+01
5.532687254166665980e+01
5.524458016666667248e+01
5.529611835416667276e+01
5.536393229166666430e+01
5.539999627083333422e+01
5.534890589583333309e+01
5.535815243750000292e+01
5.540821950000000129e+01
5.549408010416667025e+01
5.556560333333332125e+01
5.559215195833333922e+01
5.551843874999999429e+01
5.551680827083333725e+01
5.558363758333333493e+01
5.558615697916666676e+01
