6.676343066666666459e+01
6.698907356249999623e+01
7.063164833333333092e+01
7.416361854166666490e+01
7.690490639583333632e+01
8.000741152083332963e+01
8.199980675000000474e+01
8.393585683333333236e+01
8.559975381250001192e+01
8.703488437500000430e+01
8.895652193749999981e+01
9.043063047916666619e+01
9.156601562500001990e+01
9.253700152083332853e+01
9.355338612500001716e+01
9.441977208333332783e+01
9.498200160416666904e+01
9.547802699999999732e+01
9.659244558333334396e+01
9.717418420833332959e+01
9.774458747916666823e+01
9.812304456250001294e+01
9.864045052083334042e+01
9.966841597916668150e+01
1.001452058541666617e+02
1.008091355833333438e+02
1.010271558541666792e+02
1.012837268333333327e+02
1.017060968541666597e+02
1.025168173124999953e+02
1.029837091666666566e+02
1.034996517916666789e+02
1.035668238541666568e+02
1.036727045833333278e+02
1.039197779166666606e+02
1.042685006666666681e+02
1.044549896041666557e+02
1.048353455416666549e+02
1.049683426666666719e+02
1.052431648541666647e+02
1.055628977708333451e+02
1.054756957499999999e+02
1.061193386874999902e+02
1.061720417083333388e+02
1.061628790833333369e+02
1.064128750625000066e+02
1.065440326041666594e+02
1.068030129791666667e+02
1.068229491249999938e+02
1.071097141041666845e+02
1.072210916874999924e+02
1.074907391666666712e+02
1.075999803541666751e+02
1.078044853124999918e+02
1.077949282708333385e+02
1.076062503958333423e+02
1.078356825208333163e+02
1.085403245416666778e+02
1.089999492291666598e+02
1.089694558541666538e+02
1.090938931875000009e+02
1.092916562708333430e+02
1.093920030208333287e+02
1.095903140833333396e+02
1.096416069166666603e+02
1.095700426666666658e+02
1.099229632499999951e+02
1.099364294791666765e+02
1.100757947083333335e+02
1.101855982708333386e+02
1.103064762083333363e+02
1.106232897708333240e+02
1.105864364166666718e+02
1.105704250208333264e+02
1.107415611041666779e+02
1.107771294791666605e+02
1.110767062499999867e+02
1.112720626666666703e+02
1.111016081875000054e+02
1.112473942291666731e+02
1.113096938750000078e+02
1.112282781666666551e+02
1.114866495833333175e+02
1.115098088124999975e+02
1.114174704166666743e+02
1.118791416041666622e+02
1.117916074791666716e+02
1.116937093541666854e+02
1.116120054791666689e+02
1.116154552500000108e+02
1.117259212291666728e+02
1.117733344375000115e+02
1.116540203125000090e+02
1.117309893333333406e+02
1.118099741250000108e+02
1.119379529791666528e+02
1.120446891666666716e+02
1.119501798750000034e+02
1.120138302499999980e+02
1.122030586666666636e+02
