2.708709304166666598e+01
3.402070868749999732e+01
3.977682885416666636e+01
4.411107697916666126e+01
4.755007714583333467e+01
5.048794614583332674e+01
5.273007672916666166e+01
5.474641562499999736e+01
5.630198864583334029e+01
5.801046425000000539e+01
5.931239389583333121e+01
6.010353216666666043e+01
6.101221431249999938e+01
6.191042697916666526e+01
6.284713018749999947e+01
6.352403552083332983e+01
6.404565068750000023e+01
6.475180660416667422e+01
6.556619458333334194e+01
6.579271735416666900e+01
6.613967093750000004e+01
6.660910810416666550e+01
6.688078520833333585e+01
6.727640289583332844e+01
6.737368020833332594e+01
6.770004522916666190e+01
6.816799774999999784e+01
6.853796991666666827e+01
6.895237729166666441e+01
6.899479624999999317e+01
6.925863062500000922e+01
6.952966943750000439e+01
6.968767620833332899e+01
6.975247825000001001e+01
6.993199891666667156e+01
7.012820662500000424e+01
7.024561118750000333e+01
7.041320935416666771e+01
7.043993370833332790e+01
7.058946743749999087e+01
7.056093950000000348e+01
7.068779016666665882e+01
7.082666945833334182e+01
7.106134745833334421e+01
7.120609595833333572e+01
7.127747604166665951e+01
7.143295360416666995e+01
7.152457606250000310e+01
7.164715464583333926e+01
7.172175624999999854e+01
7.181268827083333406e+01
7.192877531250000800e+01
7.201423577083333782e+01
7.215045745833333513e+01
7.225300856249999981e+01
7.223620250000000453e+01
7.230326145833333840e+01
7.242568187499999510e+01
7.252314897916666325e+01
7.262555681249999395e+01
7.275485958333334224e+01
7.290693179166666482e+01
7.301755116666666368e+01
7.310148564583333552e+01
7.313190729166667836e+01
7.323601691666665658e+01
7.324897241666667469e+01
7.328973116666666954e+01
7.330289499999999236e+01
7.344856399999999041e+01
7.360091041666666456e+01
7.365133727083333781e+01
7.368922456250000153e+01
7.373025852083333120e+01
7.380065512500000580e+01
7.412909227083333974e+01
7.418619920833333481e+01
7.420418366666666543e+01
7.420424891666665701e+01
7.437705558333333045e+01
7.444053227083333013e+01
7.443010335416666123e+01
7.442602306249999344e+01
7.459655747916666257e+01
7.467382756249999431e+01
7.469299058333332653e+01
7.471643143749999183e+01
7.474787385416665586e+01
7.474255208333333655e+01
7.474142256250000571e+01
7.479277254166667888e+01
7.487131079166665870e+01
7.498393939583333179e+01
7.501351118750000069e+01
7.502776577083334075e+01
7.505405016666666995e+01
7.505591379166666854e+01
7.512598599999999749e+01
7.535813439583334628e+01
7.541524647916666879e+01
