2.328621060416666566e+01
2.994880091666666644e+01
3.488330902083333029e+01
3.851740166666667164e+01
4.154360031249999707e+01
4.376362793749999724e+01
4.589553837500000100e+01
4.767037529166666587e+01
4.895754585416667481e+01
5.033348385416667270e+01
5.120922964583333936e+01
5.197957754166666433e+01
5.292154622916666540e+01
5.369566077083333511e+01
5.434692066666665511e+01
5.503152168750000328e+01
5.567742564583333120e+01
5.620094497916667109e+01
5.669476222916666330e+01
5.717772041666666638e+01
5.752188814583333709e+01
5.777077202083333418e+01
5.806016831249999655e+01
5.837541879166665382e+01
5.862760597916667393e+01
5.890787664583333338e+01
5.908067658333333583e+01
5.923323310416666487e+01
5.933495293749999888e+01
5.955876502083333435e+01
5.976344987499999206e+01
6.007010752083332505e+01
6.022434587500000447e+01
6.046415956250000789e+01
6.064639243750000475e+01
6.074545060416667042e+01
6.095699914583334333e+01
6.115029864583332397e+01
6.130229368750000418e+01
6.143781702083333585e+01
6.167577364583333832e+01
6.193987295833333206e+01
6.198332500000000067e+01
6.212726312499999182e+01
6.218036395833333785e+01
6.233312762499999593e+01
6.242308797916666663e+01
6.262914391666666347e+01
6.271031983333333670e+01
6.278263429166666043e+01
6.283761200000000002e+01
6.288534314583333895e+01
6.298562375000000202e+01
6.312169235416666879e+01
6.315188652083332954e+01
6.321232885416666392e+01
6.328935008333333911e+01
6.334949860416666212e+01
6.342163731250000325e+01
6.352056622916666129e+01
6.351639291666666765e+01
6.353901579166666380e+01
6.361437318750000713e+01
6.378202079166666749e+01
6.388170854166666146e+01
6.391625008333333113e+01
6.399369745833333667e+01
6.403288683333333609e+01
6.417381802083333753e+01
6.428868229166666026e+01
6.441811387500000308e+01
6.444336337499998990e+01
6.450616987499999766e+01
6.462708702083334344e+01
6.469115645833333872e+01
6.470805425000000355e+01
6.477660218750000354e+01
6.484287002083333107e+01
6.483595166666667353e+01
6.487434829166666361e+01
6.494380864583332880e+01
6.505786435416666791e+01
6.512255027083332948e+01
6.517939585416667114e+01
6.518286191666666696e+01
6.519103822916666502e+01
6.522822102083334528e+01
6.522371870833333674e+01
6.533092974999999569e+01
6.544494029166666849e+01
6.546332687499999281e+01
6.542304420833333722e+01
6.553049064583332495e+01
6.544318460416666028e+01
6.556928264583332577e+01
6.561522393750000504e+01
6.564102652083333567e+01
6.567988645833332839e+01
6.571246935416667156e+01
6.567043900000000178e+01
