2.786313966666666531e+01
3.469228899999999527e+01
4.069033554166666988e+01
4.492823285416667289e+01
4.827369970833333213e+01
5.090539854166667055e+01
5.343858897916666706e+01
5.538089279166666756e+01
5.700299712500000027e+01
5.865450787500000018e+01
6.014792847916666574e+01
6.141205239583333508e+01
6.238779147916667256e+01
6.337108364583333042e+01
6.447803154166666673e+01
6.528841412500000274e+01
6.584776316666666673e+01
6.677096412499999190e+01
6.735817493749999585e+01
6.771226402083333085e+01
6.855683918749998895e+01
6.894509454166666274e+01
6.939521952083333645e+01
6.987961481249999451e+01
7.000227006250000272e+01
7.088270460416667618e+01
7.121339452083333299e+01
7.164701068749999990e+01
7.185091079166666361e+01
7.205221052083332722e+01
7.220268850000000782e+01
7.257209927083333412e+01
7.273674116666667544e+01
7.284209149999999511e+01
7.313276404166667533e+01
7.320080868750000036e+01
7.339800197916666491e+01
7.355965987500000836e+01
7.369258743749999496e+01
7.379326352083333518e+01
7.399556174999999314e+01
7.412555447916666651e+01
7.430859470833333091e+01
7.440640524999999172e+01
7.452270622916667264e+01
7.473852620833332594e+01
7.473200231250000058e+01
7.486777614583333218e+01
7.493310908333332065e+01
7.507558210416667066e+01
7.511475939583333172e+01
7.514867270833333635e+01
7.528278431249999869e+01
7.534394910416666846e+01
7.549076074999999264e+01
7.561862506249998717e+01
7.569398985416667358e+01
7.570262310416666196e+01
7.577773870833333092e+01
7.583243299999999465e+01
7.583902545833332454e+01
7.592679024999999626e+01
7.598104406250000409e+01
7.602969352083333376e+01
7.609531381249999527e+01
7.620059897916667069e+01
7.620226810416666297e+01
7.620438516666666828e+01
7.621200652083332727e+01
7.623721027083333013e+01
7.634981195833334766e+01
7.661094683333332966e+01
7.675566102083332964e+01
7.685118897916666469e+01
7.689809456249999187e+01
7.695822718750000035e+01
7.700163933333334398e+01
7.710433818750000512e+01
7.717002091666667241e+01
7.716430947916667549e+01
7.720486645833334194e+01
7.728142554166666400e+01
7.731945031250000966e+01
7.732104139583333335e+01
7.741010799999999392e+01
7.750580791666666869e+01
7.757203099999999552e+01
7.757453806249999673e+01
7.762149877083334104e+01
7.760665874999999403e+01
7.760284168750000333e+01
7.767341445833334035e+01
7.772687947916666928e+01
7.771958606249999946e+01
7.771142670833333455e+01
7.780591312500000356e+01
7.790530649999999468e+01
7.788625727083334027e+01
7.788215831249999610e+01
7.787557031250000250e+01
