2.888764195833333304e+01
3.590337487499999725e+01
4.167221652083333794e+01
4.618429495833333220e+01
4.986269222916666877e+01
5.299221706250000352e+01
5.536682250000000494e+01
5.783499114583332812e+01
5.946698345833332411e+01
6.085108645833332730e+01
6.220721756249999856e+01
6.310830381250000443e+01
6.422185600000000250e+01
6.522850147916666685e+01
6.615121931250000387e+01
6.687176339583334084e+01
6.732641327083332783e+01
6.812810422916665232e+01
6.885166377083332634e+01
6.932957414583334810e+01
6.969031031250000296e+01
7.015214595833333533e+01
7.071066199999999924e+01
7.108685616666666363e+01
7.140005447916666981e+01
7.173382218749999595e+01
7.214739852083333460e+01
7.239984802083333193e+01
7.279450164583333560e+01
7.296756525000000693e+01
7.322758804166666380e+01
7.351732983333333493e+01
7.377755414583333504e+01
7.392442916666666974e+01
7.392983681249999961e+01
7.426906335416667559e+01
7.444479839583333103e+01
7.451429581249999501e+01
7.458309231249999982e+01
7.480190974999999298e+01
7.501954989583333600e+01
7.530207393749999767e+01
7.541771435416666236e+01
7.559825810416667480e+01
7.579279337499998803e+01
7.584641652083332986e+01
7.594608808333333627e+01
7.620187468749999482e+01
7.632167510416667255e+01
7.646409564583332497e+01
7.660614968750000742e+01
7.660960231250000163e+01
7.683591818749999902e+01
7.688973466666666923e+01
7.704526220833334094e+01
7.727341587499999775e+01
7.746540439583333182e+01
7.755643256250000661e+01
7.763767450000000281e+01
7.766054085416668329e+01
7.775349697916668390e+01
7.781698647916667255e+01
7.790535647916665596e+01
7.798686872916665891e+01
7.798122579166665957e+01
7.813316831250000405e+01
7.822529320833332633e+01
7.836839908333332971e+01
7.849884118750000539e+01
7.852495556249999709e+01
7.860145906250001246e+01
7.867139862500000902e+01
7.872735845833334167e+01
7.878603789583333139e+01
7.882783841666666547e+01
7.886814695833334099e+01
7.889677779166667904e+01
7.894994864583333083e+01
7.909467333333333272e+01
7.915493331250000608e+01
7.917850852083333280e+01
7.921915556250000634e+01
7.924276431250000030e+01
7.935902618749999249e+01
7.934375564583332618e+01
7.937061004166666578e+01
7.942802906250000206e+01
7.954997220833332960e+01
7.957395381250000810e+01
7.961346793750000472e+01
7.959948106250000421e+01
7.958236856250000812e+01
7.959050016666667204e+01
7.959949927083333421e+01
7.971398210416667496e+01
7.973984160416665645e+01
7.977516231250000089e+01
7.983408035416665882e+01
7.984361654166666256e+01
7.986983727083332951e+01
