2.141432293750000326e+01
2.817913314583333317e+01
3.228758841666666513e+01
3.507753458333333185e+01
3.732882781250000193e+01
3.917308439583333524e+01
4.058427381249999399e+01
4.183831408333333002e+01
4.293980460416666034e+01
4.388306568750000025e+01
4.464183693750000970e+01
4.534040350000000075e+01
4.602120674999999750e+01
4.665465293750000342e+01
4.714993302083333759e+01
4.765586774999999875e+01
4.822406854166666790e+01
4.871472081249999775e+01
4.921871550000000184e+01
4.965417364583333892e+01
4.992218164583334072e+01
5.034842733333334053e+01
5.061042279166667157e+01
5.074565374999999534e+01
5.104818204166667073e+01
5.129157452083332913e+01
5.160885712499999300e+01
5.189254812499999758e+01
5.213265335416665636e+01
5.232281618749999552e+01
5.260296983333333287e+01
5.279894554166666154e+01
5.298079699999999548e+01
5.319959118749999760e+01
5.331028362499998963e+01
5.348079968749999580e+01
5.360351337499999858e+01
5.376683695833332877e+01
5.385106677083333437e+01
5.391085949999999372e+01
5.400515722916666306e+01
5.423021906249999802e+01
5.432212677083333574e+01
5.449647024999999445e+01
5.458221822916666355e+01
5.472190239583333238e+01
5.486548520833333242e+01
5.495684550000000712e+01
5.510194172916666844e+01
5.517241931249998999e+01
5.522117331249999239e+01
5.534563816666666725e+01
5.539747939583332936e+01
5.543165812499999134e+01
5.546976766666666236e+01
5.560579810416667357e+01
5.565711593749998798e+01
5.580248766666667137e+01
5.598756812499999569e+01
5.610173624999999475e+01
5.614957206249999899e+01
5.622004504166667260e+01
5.626756118750000724e+01
5.626449668750000654e+01
5.642272760416667410e+01
5.645979254166667261e+01
5.655403283333333775e+01
5.661450837499999267e+01
5.657530393749999575e+01
5.667676710416666452e+01
5.668842966666665717e+01
5.683563008333333499e+01
5.687316227083332620e+01
5.692800627083332898e+01
5.698537972916667371e+01
5.706516483333333412e+01
5.709329322916666882e+01
5.715605747916666246e+01
5.711765879166666338e+01
5.719715812499999430e+01
5.723802691666666220e+01
5.727822658333332839e+01
5.731301550000000589e+01
5.733207045833333382e+01
5.738911241666666996e+01
5.740370891666666608e+01
5.744380754166666492e+01
5.756875543750000901e+01
5.754656585416665848e+01
5.762633627083332755e+01
5.762158729166666404e+01
5.773675029166667372e+01
5.771582833333334150e+01
5.774260000000000304e+01
5.778158268749999849e+01
5.787258652083333033e+01
5.784919047916667267e+01
5.801309968749999513e+01
5.796525637499999561e+01
5.807619408333332700e+01
