5.247121779166667466e+01
5.608965185416666799e+01
6.025787425000000752e+01
6.409284964583332567e+01
6.748341266666666627e+01
6.990299652083332660e+01
7.289174964583332894e+01
7.475833785416666899e+01
7.694445908333334216e+01
7.861654697916667089e+01
7.987407614583332816e+01
8.125461827083333333e+01
8.265342258333333803e+01
8.368696687499999598e+01
8.456817343749999338e+01
8.551296745833333546e+01
8.612388218750000135e+01
8.677823081249999859e+01
8.736274835416666917e+01
8.838845020833333876e+01
8.919327643750000334e+01
8.985254166666668141e+01
9.055886960416667364e+01
9.116901649999999790e+01
9.172570062499998755e+01
9.258463547916666414e+01
9.304598091666666448e+01
9.330589745833333382e+01
9.404091366666666829e+01
9.438034362500000896e+01
9.473905306249999114e+01
9.500878718750000473e+01
9.544551197916666752e+01
9.566029170833333239e+01
9.628281475000000000e+01
9.639558708333333925e+01
9.715326272916666994e+01
9.736597410416668197e+01
9.770230966666667882e+01
9.775652972916667238e+01
9.786961758333332284e+01
9.801457747916667529e+01
9.822461706249998770e+01
9.846335229166668057e+01
9.836201591666667809e+01
9.847706822916666169e+01
9.860015791666667440e+01
9.900624027083334511e+01
9.914099789583333688e+01
9.911726487500000360e+01
9.962146220833331256e+01
9.987423829166665712e+01
1.000689938124999827e+02
9.996211937500000033e+01
9.978953412500000297e+01
1.000203803333333354e+02
1.002852036874999868e+02
1.003909278749999885e+02
1.005309025208333509e+02
1.005567418749999860e+02
1.006218380000000110e+02
1.008077364999999901e+02
1.010771219999999886e+02
1.014033625624999928e+02
1.016421119583333308e+02
1.019513222708333302e+02
1.018966759999999994e+02
1.022084894999999989e+02
1.024396537708333454e+02
1.025295125624999883e+02
1.026078599374999953e+02
1.027129715208333351e+02
1.028513278958333359e+02
1.028308245416666722e+02
1.029558317291666754e+02
1.030741529583333289e+02
1.029721787291666715e+02
1.032873675833333351e+02
1.034598473333333430e+02
1.034843193125000056e+02
1.034470978333333306e+02
1.037629344791666455e+02
1.037054178333333425e+02
1.036195728541666767e+02
1.037295128749999975e+02
1.039092992708333441e+02
1.038560746666666574e+02
1.038119591041666609e+02
1.039529716041666489e+02
1.039351851041666777e+02
1.040696407500000049e+02
1.041247795208333287e+02
1.040298908958333186e+02
1.041155919375000138e+02
1.041651454583333276e+02
1.043583293541666563e+02
1.044165205208333163e+02
1.045422953333333425e+02
1.045513388750000132e+02
1.043412245208333360e+02
