1.037348752916666541e+02
1.977221337291666714e+02
1.869919435833333239e+02
1.888744910624999704e+02
1.958465830416666620e+02
1.994329505624999967e+02
2.011460322500000473e+02
2.033584733541666481e+02
2.040416700208333225e+02
2.081319392291667043e+02
2.101813765000000274e+02
2.107832972916666847e+02
2.132916567708333275e+02
2.141335888541666748e+02
2.140407117083333617e+02
2.147379583541666932e+02
2.147859970416666613e+02
2.182411682291666750e+02
2.201138300833333403e+02
2.205866727500000195e+02
2.212369512291666922e+02
2.216800386250000372e+02
2.220113132291666886e+02
2.219427082500000097e+02
2.220481480833333308e+02
2.220518439791666481e+02
2.219723301041666730e+02
2.217582952291666913e+02
2.226851490208333360e+02
2.228717035416666761e+02
2.227716044375000308e+02
2.230025718958333130e+02
2.230733996250000075e+02
2.230027952916666720e+02
2.234571020208333323e+02
2.235237594166666497e+02
2.237069984166666643e+02
2.237058791875000168e+02
2.236119527291666600e+02
2.234059026874999745e+02
2.239171075416666383e+02
2.238992790416666594e+02
2.253579796249999845e+02
2.253984888541666578e+02
2.253905671666666422e+02
2.254592030000000022e+02
2.254364122916666702e+02
2.257749515624999788e+02
2.257957849166666620e+02
2.260483386874999781e+02
2.260124668333332920e+02
2.261501184583333099e+02
2.261410245416666669e+02
2.262109676666666473e+02
2.263620280416666901e+02
2.265073783958333422e+02
2.263724957291666442e+02
2.264846777083333507e+02
2.265631856666666408e+02
2.265706261458333302e+02
2.264712544374999936e+02
2.264296042708333516e+02
2.265473330416666613e+02
2.265681663750000041e+02
2.264656022708333296e+02
2.266494803541666840e+02
2.266195324374999984e+02
2.266918910624999626e+02
2.264897727291666740e+02
2.266709731249999606e+02
2.266305319374999954e+02
2.265623349583333095e+02
2.264344346458333348e+02
2.265985165833333213e+02
2.265308703333333540e+02
2.268081494791666444e+02
2.270361953333333247e+02
2.270275313124999741e+02
2.271099326249999706e+02
2.271206379791666450e+02
2.270855502499999830e+02
2.274226995625000143e+02
2.274351995625000029e+02
2.273895977083333264e+02
2.272576532708333161e+02
2.269872828958333457e+02
2.273340817499999957e+02
2.277274487916666601e+02
2.280324402500000076e+02
2.279936687916666926e+02
2.279920484166666483e+02
2.277974350208333192e+02
2.277487728541666741e+02
2.277801644791667002e+02
2.277992004166666504e+02
2.276637837499999932e+02
2.275022641458333510e+02
2.276417482708333466e+02
2.276417482708333466e+02
2.276055963124999835e+02
