3.121373518750000287e+01
3.771420908333333699e+01
4.375577985416666849e+01
4.835347610416666697e+01
5.203349747916666956e+01
5.472051731250000017e+01
5.710452289583332686e+01
5.892202837500000356e+01
6.115887004166665974e+01
6.284471283333332536e+01
6.421455189583333834e+01
6.529886472916666662e+01
6.624281214583332655e+01
6.750784631250000700e+01
6.827876108333333605e+01
6.914633881250000513e+01
6.981678633333332584e+01
7.031827587499999765e+01
7.115947645833334434e+01
7.169256216666667569e+01
7.206106656250000242e+01
7.253820408333332637e+01
7.281188170833333118e+01
7.330053564583333525e+01
7.376578631249999773e+01
7.412281829166666114e+01
7.438489133333332859e+01
7.459444366666666326e+01
7.515742381249999937e+01
7.544001412500000470e+01
7.555349156249999965e+01
7.574931220833333612e+01
7.615081408333333002e+01
7.637395377083333869e+01
7.666112802083333122e+01
7.687124074999999834e+01
7.708413533333333589e+01
7.732319527083332389e+01
7.752885345833333020e+01
7.766067650000000810e+01
7.787036345833332973e+01
7.820376793749998967e+01
7.845117566666665709e+01
7.860436568749999253e+01
7.874050250000000517e+01
7.887720714583332438e+01
7.895668181249999407e+01
7.921560085416666652e+01
7.932816108333332750e+01
7.940149579166666172e+01
7.948855774999999824e+01
7.962358179166666616e+01
7.973838462499999480e+01
7.990589856249999912e+01
8.002629595833333553e+01
8.015742910416666689e+01
8.021035212500000000e+01
8.025185277083333801e+01
8.031787120833332949e+01
8.035388845833332994e+01
8.037527431249999665e+01
8.045265081249999639e+01
8.041309631250000223e+01
8.053449089583332920e+01
8.062110312500000475e+01
8.062699954166667737e+01
8.085319058333332976e+01
8.093563510416667839e+01
8.097703258333332599e+01
8.103276381249999361e+01
8.108022243749999802e+01
8.116218297916667268e+01
8.119594852083334047e+01
8.129236137499999870e+01
8.136810125000000937e+01
8.151493970833332980e+01
8.162304454166665835e+01
8.176015735416666530e+01
8.191302568749999580e+01
8.193473031250000815e+01
8.201595856250000338e+01
8.210806916666666666e+01
8.212663614583333072e+01
8.221533077083333296e+01
8.234593999999999880e+01
8.237912225000000888e+01
8.240051629166667624e+01
8.253532462500000122e+01
8.256231722916666627e+01
8.261817925000001139e+01
8.276556364583332481e+01
8.284494556250000130e+01
8.287324972916665899e+01
8.292717168750000667e+01
8.299253504166665607e+01
8.295452437499999121e+01
8.296095702083333379e+01
8.297932297916666755e+01
8.300930424999999957e+01
8.319007156250000889e+01
