8.906207810416667314e+01
8.701005316666667966e+01
8.837706695833333015e+01
9.005597458333333805e+01
9.236735787499999617e+01
9.521562958333333881e+01
9.737570566666666139e+01
9.971254885416665559e+01
1.014788943958333221e+02
1.025603012291666687e+02
1.036835602916666659e+02
1.045534331666666645e+02
1.054455984791666765e+02
1.069926156458333253e+02
1.080107900000000001e+02
1.086229909583333324e+02
1.090033030625000237e+02
1.098293930833333292e+02
1.109914652708333307e+02
1.118490606666666594e+02
1.123510662083333358e+02
1.134285523333333430e+02
1.131143670416666538e+02
1.132484045624999993e+02
1.133984322916666656e+02
1.143202868541666675e+02
1.149217226666666676e+02
1.154195577708333218e+02
1.154789829791666733e+02
1.158424899374999910e+02
1.159421488750000009e+02
1.169632587083333419e+02
1.172851252500000072e+02
1.173866310416666607e+02
1.173264410833333358e+02
1.177533762916666689e+02
1.185614039999999960e+02
1.185634361249999955e+02
1.188798388541666782e+02
1.188869648541666635e+02
1.197906091250000031e+02
1.198600431041666639e+02
1.206014808124999860e+02
1.207047261249999934e+02
1.209748331249999893e+02
1.208295294791666521e+02
1.210654586458333455e+02
1.214656695625000111e+02
1.218405569166666709e+02
1.218365085833333268e+02
1.225362375208333248e+02
1.232594787500000137e+02
1.234865364374999928e+02
1.234005030416666813e+02
1.234930152916666657e+02
1.235913418958333096e+02
1.234257912083333366e+02
1.234906342083333328e+02
1.234376128750000134e+02
1.237522145833333269e+02
1.238830886666666515e+02
1.240523587291666558e+02
1.240140967291666385e+02
1.239976244999999864e+02
1.240947940416666739e+02
1.243075307916666787e+02
1.240928625208333216e+02
1.245945740625000013e+02
1.247507087708333415e+02
1.246231256875000071e+02
1.247389733124999935e+02
1.247025892083333218e+02
1.246439637083333309e+02
1.246226029999999838e+02
1.245995609583333277e+02
1.245965335416666591e+02
1.247054788541666568e+02
1.247538934791666634e+02
1.250526186458333200e+02
1.250675562083333290e+02
1.250172641041666566e+02
1.257783938750000061e+02
1.258583707500000060e+02
1.257983252083333383e+02
1.257770634791666708e+02
1.257743387916666649e+02
1.258006046041666650e+02
1.258936929583333466e+02
1.259584029999999899e+02
1.259374621458333223e+02
1.258870763749999924e+02
1.258440087500000004e+02
1.258440558958333213e+02
1.259272763124999983e+02
1.259469949374999942e+02
1.263243820624999927e+02
1.263598327500000096e+02
1.263010403541666733e+02
1.263760587916666509e+02
1.262897191875000118e+02
