2.499342229166666485e+01
3.217028943750000280e+01
3.733873014583333116e+01
4.156766074999999461e+01
4.469453985416666342e+01
4.689571058333333298e+01
4.900983210416666935e+01
5.058848341666666926e+01
5.176564356250000287e+01
5.258116997916666691e+01
5.327585981249999492e+01
5.447988033333333391e+01
5.516637672916667157e+01
5.587641054166667232e+01
5.671098989583333605e+01
5.740399033333333279e+01
5.806926343749999120e+01
5.852369664583333275e+01
5.905338249999999789e+01
5.948396191666666510e+01
6.005262508333333926e+01
6.045425233333332926e+01
6.082477912499999917e+01
6.113176506250000131e+01
6.149724847916667159e+01
6.185638443750000448e+01
6.201392037499999788e+01
6.224764829166665692e+01
6.250482145833333192e+01
6.260735822916666393e+01
6.280207277083334105e+01
6.283951614583333622e+01
6.313744437500000117e+01
6.336168227083334159e+01
6.351690689583332983e+01
6.358380337500000223e+01
6.378925693749999937e+01
6.397198154166667194e+01
6.419800945833333117e+01
6.439882960416666435e+01
6.456036325000000886e+01
6.470229945833334284e+01
6.492845833333332450e+01
6.506717274999999745e+01
6.520665652083333441e+01
6.538049341666666692e+01
6.547976964583332915e+01
6.567080160416666956e+01
6.574210025000000712e+01
6.598371068749999324e+01
6.602117689583333515e+01
6.614753752083333893e+01
6.636235797916667423e+01
6.648313947916666677e+01
6.660214706249999495e+01
6.673653877083332020e+01
6.673497535416666437e+01
6.690978506250000635e+01
6.697197366666667051e+01
6.713482493749999946e+01
6.716945087499999545e+01
6.721624133333334328e+01
6.723909589583333002e+01
6.737297362500000020e+01
6.743379558333333534e+01
6.745150416666666615e+01
6.745462006249999831e+01
6.751602227083333219e+01
6.756492158333333009e+01
6.762679770833334203e+01
6.764121327083334734e+01
6.772912037499999371e+01
6.782908291666666400e+01
6.791524912499998834e+01
6.796284872916665165e+01
6.798706485416666112e+01
6.803089793750000069e+01
6.800600983333333716e+01
6.814011116666667078e+01
6.825862020833334043e+01
6.831508504166666285e+01
6.836616937499999835e+01
6.841526606249999531e+01
6.848129724999999723e+01
6.847120395833333362e+01
6.859351227083332958e+01
6.857626914583333644e+01
6.861555472916666076e+01
6.873636381249998806e+01
6.886349939583332969e+01
6.886867029166667464e+01
6.892475722916667280e+01
6.889665268750000848e+01
6.900466214583333624e+01
6.898393822916666807e+01
6.902193620833332943e+01
6.907623114583333290e+01
6.910230179166666176e+01
6.905553739583332629e+01
6.914288822916667243e+01
