3.401812718750000641e+01
4.055525495833332883e+01
4.614138670833332867e+01
5.140705856250000494e+01
5.508304531249999769e+01
5.800196975000000066e+01
6.082920183333333597e+01
6.288191224999999918e+01
6.462094235416667232e+01
6.606248574999999335e+01
6.764124572916666978e+01
6.858904456250000692e+01
6.941021972916666982e+01
7.057342529166666623e+01
7.173052900000000420e+01
7.260375660416666221e+01
7.345522214583333209e+01
7.420585508333333280e+01
7.503959295833334409e+01
7.612150883333333695e+01
7.693788627083331733e+01
7.744312691666665671e+01
7.779781541666666556e+01
7.816264104166667437e+01
7.839729749999999342e+01
7.917021570833333044e+01
7.959035202083333616e+01
7.969570868750000159e+01
7.992673970833332930e+01
8.018901139583333304e+01
8.046652710416665855e+01
8.082950325000000191e+01
8.095675320833332478e+01
8.125590093750000165e+01
8.145552812500000073e+01
8.172587827083333423e+01
8.176662656249999372e+01
8.201705754166667361e+01
8.228891731250000419e+01
8.244483841666665569e+01
8.254173300000000779e+01
8.270771864583333866e+01
8.320967031249999479e+01
8.344833350000000394e+01
8.358864606250000406e+01
8.383888366666666059e+01
8.395590774999999439e+01
8.419594327083332530e+01
8.467638697916667923e+01
8.492358052083334030e+01
8.509291862499999581e+01
8.511811270833334220e+01
8.526218841666666037e+01
8.525545772916666465e+01
8.544878754166666113e+01
8.550240904166666667e+01
8.564175299999999424e+01
8.568360470833333409e+01
8.563648229166666681e+01
8.593970585416666097e+01
8.598177420833333429e+01
8.609307120833334181e+01
8.613620295833334239e+01
8.620696641666665982e+01
8.631634260416666393e+01
8.659076995833332546e+01
8.663270781249998720e+01
8.659686952083332301e+01
8.662961272916665223e+01
8.679128227083333513e+01
8.705089481250000460e+01
8.697925835416667439e+01
8.699163608333333286e+01
8.725319564583332976e+01
8.723022927083333400e+01
8.714270868749999011e+01
8.724279339583331705e+01
8.720007718750001402e+01
8.723587281250000558e+01
8.729249249999999449e+01
8.740436262500001874e+01
8.748166258333333190e+01
8.757201937500001065e+01
8.757594093749999331e+01
8.764232493750000685e+01
8.780059747916668300e+01
8.787257837499998914e+01
8.787076777083332502e+01
8.783586539583332353e+01
8.806804760416666511e+01
8.800693000000001120e+01
8.807068022916666905e+01
8.813447750000000269e+01
8.814887560416666190e+01
8.810937487500000032e+01
8.820739833333334445e+01
8.836758833333333030e+01
8.840041662500000541e+01
8.836974889583332526e+01
8.861039139583334645e+01
