3.010296039583333183e+01
3.695525485416666811e+01
4.274762579166667109e+01
4.716838637500000431e+01
5.036964391666666785e+01
5.343151906250000138e+01
5.585615120833333691e+01
5.800026843750000438e+01
5.984987383333333355e+01
6.145007262499999712e+01
6.253426275000000345e+01
6.375254706249999259e+01
6.428390270833334341e+01
6.540932822916666112e+01
6.620304533333333552e+01
6.688028768750000097e+01
6.771201006249999921e+01
6.832089027083333121e+01
6.885840420833334008e+01
6.933832560416665558e+01
6.985343158333333236e+01
7.032281675000000121e+01
7.073797950000000867e+01
7.105594868750000614e+01
7.165876256250000154e+01
7.202573962500001414e+01
7.248312049999999829e+01
7.272435887500000717e+01
7.303843299999999772e+01
7.322688697916666456e+01
7.349584206249998886e+01
7.365816714583333180e+01
7.387364977083332462e+01
7.410754783333332796e+01
7.432635558333333847e+01
7.452004825000000210e+01
7.459637137500000392e+01
7.470756462499998918e+01
7.492775881250000225e+01
7.525247293750000210e+01
7.532724260416665629e+01
7.531104245833334687e+01
7.548941183333333527e+01
7.565437068750000549e+01
7.578296387499999298e+01
7.611010058333333461e+01
7.638462308333333795e+01
7.658853002083333195e+01
7.675729316666667046e+01
7.677860433333333390e+01
7.684871856249999666e+01
7.685513193750000482e+01
7.697082975000000715e+01
7.699990533333333076e+01
7.719353808333333689e+01
7.719930010416668154e+01
7.720779308333332835e+01
7.724631547916666818e+01
7.733466531250000742e+01
7.748615916666666692e+01
7.762722166666667079e+01
7.789433831249999685e+01
7.792727283333333332e+01
7.801239600000000962e+01
7.802110066666666910e+01
7.820485837500000059e+01
7.829869066666667266e+01
7.823771833333333348e+01
7.834035102083332447e+01
7.836880825000000073e+01
7.850510581250000541e+01
7.857089635416666340e+01
7.863876472916666671e+01
7.871514816666666547e+01
7.872433820833333584e+01
7.878376595833333340e+01
7.882857825000000673e+01
7.888589885416666903e+01
7.899205908333333070e+01
7.897725031250000427e+01
7.908424341666666635e+01
7.904045616666667229e+01
7.924825197916666752e+01
7.934907995833333416e+01
7.936522002083333405e+01
7.935372587499999497e+01
7.934502204166666672e+01
7.947117074999999886e+01
7.952118079166666575e+01
7.954152364583333679e+01
7.955194862500000852e+01
7.956685566666668308e+01
7.968844710416665578e+01
7.968428331249999985e+01
7.973757187500000043e+01
7.975523260416666460e+01
7.974546510416666933e+01
7.989513314583334136e+01
7.997408987500000421e+01
7.990278349999999818e+01
