1.760779456250000052e+01
2.175136231250000307e+01
2.445335372916666827e+01
2.618025414583333443e+01
2.770499091666666303e+01
2.876486512500000003e+01
2.949411447916666873e+01
3.036628743749999515e+01
3.104636768749999831e+01
3.162325087499999654e+01
3.222742627083332678e+01
3.273817785416666482e+01
3.323912854166666619e+01
3.378426410416666670e+01
3.417457472916666461e+01
3.456072172916666574e+01
3.504472408333333533e+01
3.529225781249999727e+01
3.554108285416666035e+01
3.579351143750000119e+01
3.598615031250000129e+01
3.628362156250000226e+01
3.644736952083332682e+01
3.657381437499999777e+01
3.671839397916667025e+01
3.690968537500000224e+01
3.716776860416666750e+01
3.736923264583334259e+01
3.751762035416666663e+01
3.757682274999999805e+01
3.762523981249999849e+01
3.772167024999999541e+01
3.779417987499999754e+01
3.798811847916666551e+01
3.804762822916666920e+01
3.811845360416666750e+01
3.821783341666666445e+01
3.829014508333332856e+01
3.832643743749999743e+01
3.841002639583333433e+01
3.856160227083333325e+01
3.860949035416666675e+01
3.866007972916666802e+01
3.879504589583333285e+01
3.882230093750000322e+01
3.889217056250000581e+01
3.901474479166666498e+01
3.906797602083333487e+01
3.911230472916666656e+01
3.921807345833332903e+01
3.933022172916666648e+01
3.941914741666666799e+01
3.944498714583333054e+01
3.943024572916667125e+01
3.946537404166667073e+01
3.961090006250000073e+01
3.959847670833333666e+01
3.965132052083333747e+01
3.964560527083333596e+01
3.976008812500000289e+01
3.983376779166666637e+01
3.976762239583333525e+01
3.977269039583333665e+01
3.989419902083333369e+01
3.990894110416666507e+01
3.983874281250000138e+01
4.003451716666666726e+01
3.993782722916666472e+01
3.978636627083333366e+01
4.006802041666666270e+01
3.997614308333333355e+01
4.007165085416666983e+01
4.009960845833333565e+01
4.012278562499999879e+01
3.997558393749999794e+01
4.002772906249999352e+01
4.002134770833333022e+01
3.997056104166666302e+01
4.011099795833333559e+01
4.004702479166667217e+01
3.991825233333333500e+01
3.989580727083333045e+01
3.996378725000000287e+01
4.006101256250000375e+01
4.013968150000000179e+01
3.999289193749999782e+01
4.006054006250000299e+01
4.012600920833332907e+01
3.992940189583332966e+01
4.005383787499999926e+01
4.008540874999999915e+01
3.984939818750000740e+01
3.995650331249999709e+01
4.006268270833333389e+01
3.985840212499999780e+01
3.999977010416666445e+01
4.018307000000000073e+01
3.983980264583333764e+01
3.992723354166666638e+01
4.015266972916666788e+01
