3.070939704166666573e+01
3.739391618749999679e+01
4.332625758333333721e+01
4.768916241666666878e+01
5.113457424999999290e+01
5.379704487500000454e+01
5.617709158333332908e+01
5.808795483333333465e+01
5.964422191666667317e+01
6.084260245833333869e+01
6.230023812499999991e+01
6.368375220833333827e+01
6.468812427083332750e+01
6.594065281249999089e+01
6.694553633333333664e+01
6.750385185416666900e+01
6.829615610416665561e+01
6.888323991666666757e+01
6.942390435416666605e+01
7.002816470833333540e+01
7.034177368750000880e+01
7.075453339583333445e+01
7.103315979166666239e+01
7.129954639583333176e+01
7.167769547916667250e+01
7.215144222916666195e+01
7.228856899999999541e+01
7.248813327083333036e+01
7.289368831250000369e+01
7.324145043750000639e+01
7.344642279166666299e+01
7.393149845833333700e+01
7.412091308333333473e+01
7.424364408333333643e+01
7.439541035416668535e+01
7.466887308333332385e+01
7.496864658333333864e+01
7.526299739583333803e+01
7.544722199999999646e+01
7.559781943750000721e+01
7.576909497916666680e+01
7.603773493749999091e+01
7.630312516666667477e+01
7.644957056249999994e+01
7.661745462500000770e+01
7.683872222916666317e+01
7.711403087499999742e+01
7.719497299999999029e+01
7.729155247916666838e+01
7.743815341666667962e+01
7.765333835416666375e+01
7.776969812500000501e+01
7.786343479166666270e+01
7.793253960416666359e+01
7.802141539583332985e+01
7.805014014583333903e+01
7.819987481249999917e+01
7.823776981250000517e+01
7.827000931249999383e+01
7.855346199999999612e+01
7.863866268750000188e+01
7.885351993749999622e+01
7.896970758333333151e+01
7.898087983333333284e+01
7.913648595833332422e+01
7.931087241666666898e+01
7.934175495833333969e+01
7.943989189583332688e+01
7.945405531249998887e+01
7.950444831250000277e+01
7.956169577083333877e+01
7.955026414583333860e+01
7.962112837499999785e+01
7.967334056250000174e+01
7.979115302083333461e+01
7.975213506249998829e+01
7.989170058333333202e+01
8.003529166666666583e+01
8.015575239583333200e+01
8.016877956250000636e+01
8.019799995833334094e+01
8.032473352083333396e+01
8.038774522916666854e+01
8.049831272916667047e+01
8.059361254166667266e+01
8.060186397916668000e+01
8.070604045833333373e+01
8.083506835416666547e+01
8.086083837500000016e+01
8.084922637500000064e+01
8.094145031250000955e+01
8.103364722916666096e+01
8.106533760416665757e+01
8.106347175000000504e+01
8.113157456250000621e+01
8.127992131250000796e+01
8.135758345833333749e+01
8.135923331249999535e+01
8.135843033333334517e+01
8.139145975000000988e+01
