1.399711810208333418e+02
1.637398758125000029e+02
1.681729914374999737e+02
1.687497207499999945e+02
1.709834757500000251e+02
1.752704597083333340e+02
1.768793515833333458e+02
1.767308882291666805e+02
1.784660167291666824e+02
1.791403618124999468e+02
1.793384602916666211e+02
1.799494862083332976e+02
1.806477486458333317e+02
1.812801774166666746e+02
1.827269383333333224e+02
1.828617090833333521e+02
1.827983965833333286e+02
1.841677455208333356e+02
1.846441136666666409e+02
1.848173313333333283e+02
1.847751397708333627e+02
1.852718694374999870e+02
1.852617636249999578e+02
1.854344787916666917e+02
1.850501384583333220e+02
1.852125738333333231e+02
1.854695833541667014e+02
1.853139112291666208e+02
1.851064163541666687e+02
1.847065512708333301e+02
1.848881740416667014e+02
1.853394412083333407e+02
1.857090297291666730e+02
1.856886986458333411e+02
1.858478475208333123e+02
1.858650065833332974e+02
1.862047888333333105e+02
1.862157190000000071e+02
1.856286670416666595e+02
1.862884524166666722e+02
1.862853002916666867e+02
1.862539027291666969e+02
1.859112726041666690e+02
1.867103845208333439e+02
1.865838765000000024e+02
1.869360505208333052e+02
1.869355130833333476e+02
1.870094324791666622e+02
1.867693383541666492e+02
1.865167695625000022e+02
1.863931643125000335e+02
1.867935512083332981e+02
1.865816637083333660e+02
1.866094631458333026e+02
1.862600439375000008e+02
1.863634789374999912e+02
1.862750864375000219e+02
1.868646409166666729e+02
1.868389097499999991e+02
1.869261576458333423e+02
1.868123374791666720e+02
1.866990241458333060e+02
1.866613266875000079e+02
1.866314817083333253e+02
1.871580862499999967e+02
1.872135128541666802e+02
1.874274258958333519e+02
1.872975952708333409e+02
1.872888584791666347e+02
1.871005258749999882e+02
1.870367256458333429e+02
1.869916001666666432e+02
1.863302676666666287e+02
1.865780866875000186e+02
1.867412965000000042e+02
1.862423155416666702e+02
1.864731700416666627e+02
1.867609424375000344e+02
1.866977082500000051e+02
1.880649913333333245e+02
1.881427318333333005e+02
1.884012094166666884e+02
1.883660330625000086e+02
1.883666778958333623e+02
1.883250608333333673e+02
1.894415765833333296e+02
1.893206242083333279e+02
1.892823815208333542e+02
1.891393450208333036e+02
1.891242510624999795e+02
1.889611583958333085e+02
1.889321780416666741e+02
1.891510574374999862e+02
1.893158083958333293e+02
1.891702081874999806e+02
1.889711154166666631e+02
1.889182059999999694e+02
1.887805380833333402e+02
1.887109999999999843e+02
1.887298314791666201e+02
