	0	0	0	0	0	0	0	0	0	0	0	0	0	0	0	0	0	0	0	0	0	0	0	0	0	0	0	0	0	0	0	0	0	0	0	0	0	0	0	0	0	0	0	0	0	0	0	0	0	0	0	0	0	0	0	0	0	0	0	0	0	0	0	0	0	0	0	0	0	0	0	0	0	0	0	0	0	0	0	0	0	0	0	0	0	0	0	0	0	0	0	0	0	0	0	0	0	0	0	0	0	0	0	0	0	0	0	0	0
	140	160	126	142	156	136	132	136	146	142	144	142	148	136	148	148	130	150	132	142	142	144	150	152	148	154	160	158	138	142	160	158	150	148	160	128	150	142	138	138	164	124	136	146	130	136	150	126	138	148	138	124	138	136	118	134	172	138	134	132	136	132	144	152	136	140	112	138	132	160	148	146	140	136	124	132	136	138	168	128	146	150	136	136	142	150	142	132	128	154	126	118	160	152	132	130	148	134	120	152	144	132	144	136	148	136	116	146	146
	150	164	140	150	166	160	164	150	150	156	150	152	150	144	154	154	148	158	140	144	152	150	160	170	146	172	172	158	146	160	174	160	154	166	164	144	154	156	148	148	164	146	142	158	154	160	158	152	148	162	150	144	148	150	142	152	176	144	154	148	152	148	152	166	146	152	136	152	152	160	168	156	156	142	140	154	144	158	166	146	152	166	152	152	156	166	166	156	150	162	142	134	166	160	156	142	156	158	144	164	156	146	154	140	148	150	128	154	156
	148	158	134	144	162	154	160	148	148	150	148	142	144	140	150	150	146	154	134	142	150	144	154	164	144	170	172	158	144	154	164	152	154	160	156	140	144	146	142	140	160	144	142	156	152	156	154	150	146	160	150	134	142	144	138	146	174	134	150	144	144	146	152	156	142	150	130	144	148	158	160	152	150	138	138	148	142	148	162	138	152	158	144	146	150	160	164	152	144	158	138	130	160	154	144	140	154	152	138	160	152	136	148	136	146	146	128	146	150
	144	148	134	136	156	148	152	142	148	148	148	138	140	138	148	142	144	150	126	138	148	138	150	160	142	158	168	152	142	144	156	148	150	152	148	134	140	140	136	136	158	138	136	152	146	150	146	146	146	150	148	126	140	134	130	144	174	132	140	138	144	142	146	150	138	146	128	140	144	156	154	150	138	136	134	142	138	144	154	130	142	158	140	140	134	150	156	150	136	148	132	128	156	146	140	136	148	152	136	160	142	134	144	134	140	138	122	140	144
	144	142	130	132	146	140	146	138	144	144	138	132	130	136	136	140	142	136	118	132	142	132	150	142	140	152	164	146	142	136	154	148	150	150	148	130	138	140	134	130	150	138	134	142	142	148	144	140	140	146	146	124	134	134	126	138	170	128	130	136	138	140	142	144	136	144	122	138	136	154	148	144	136	128	130	134	134	142	146	122	140	154	134	136	132	144	150	148	132	146	130	128	150	140	132	126	142	148	134	160	136	126	140	132	136	132	118	138	140
	142	142	124	132	136	140	140	130	142	136	138	132	128	132	136	132	140	134	116	132	140	126	148	134	132	144	154	140	142	132	148	144	144	148	140	126	134	134	130	128	150	138	132	138	134	142	144	134	140	138	144	122	132	126	126	134	158	122	126	130	138	136	138	138	132	138	118	134	132	148	144	138	134	126	124	132	126	140	140	120	136	146	130	132	130	140	146	130	126	134	126	128	142	138	130	120	132	144	132	156	132	126	132	130	134	130	118	138	136
	140	140	122	126	132	132	138	124	132	134	136	126	124	126	136	128	136	134	114	128	138	124	144	132	122	142	146	138	138	126	148	140	142	138	136	126	130	130	126	126	144	138	130	136	134	138	140	134	136	128	140	120	130	124	126	128	152	118	122	130	136	134	128	138	132	134	114	128	128	140	142	130	128	122	124	130	124	134	138	120	130	144	130	130	126	138	136	124	120	134	124	122	138	134	126	120	132	144	130	150	130	120	128	126	124	128	116	138	132
	130	140	122	122	132	128	134	122	130	130	134	124	122	124	134	126	132	130	110	122	134	122	142	130	122	142	140	136	132	124	148	134	134	132	132	126	128	128	122	126	136	138	124	130	132	130	130	134	132	126	134	118	128	124	126	120	150	116	120	128	136	126	122	136	130	132	114	128	122	138	138	126	122	118	120	126	120	130	138	118	126	142	128	126	122	128	130	122	116	130	120	120	136	132	124	118	130	134	128	144	126	116	126	124	120	126	116	132	130
	128	134	118	122	126	126	132	118	128	126	126	124	118	122	130	124	130	126	110	120	130	120	134	128	118	142	132	130	124	120	144	130	132	130	132	126	126	124	122	122	130	132	122	130	128	126	124	132	126	122	126	116	124	122	126	116	140	114	120	124	132	126	120	124	130	130	112	128	120	136	132	124	120	104	120	126	118	130	134	116	124	142	124	126	122	128	126	118	116	126	116	118	132	130	122	112	124	134	124	140	118	108	126	122	118	124	116	132	130
	124	130	116	120	122	124	130	116	126	120	124	120	118	118	130	122	130	120	110	116	128	116	126	128	112	136	126	126	124	120	136	124	128	122	128	126	120	122	118	118	122	130	122	126	128	124	124	128	126	118	122	116	120	118	126	114	138	110	120	124	128	126	116	124	130	128	112	124	120	134	132	122	120	104	116	120	116	126	134	112	122	136	122	122	120	122	124	116	114	120	112	114	128	126	120	112	120	134	124	134	114	106	126	122	116	116	112	128	128
	124	122	114	120	116	124	128	116	122	118	122	120	118	116	128	118	128	116	108	114	128	114	124	124	108	136	126	126	122	120	136	122	126	120	126	126	118	118	116	114	120	130	122	124	126	120	120	124	122	118	118	112	120	116	124	112	138	110	118	118	120	122	112	120	128	126	108	120	120	130	132	122	114	98	114	120	116	122	132	110	116	134	122	116	118	116	124	114	114	120	112	112	124	126	120	106	118	130	120	130	106	100	122	118	116	110	110	124	124
	122	118	114	118	116	124	126	116	116	116	118	120	116	114	126	114	124	112	108	112	122	114	122	122	102	132	124	124	118	120	134	118	124	116	118	124	112	114	114	114	120	128	122	120	120	118	116	120	122	112	116	110	120	112	120	112	138	108	118	118	118	122	112	118	124	124	108	118	118	130	128	120	114	98	114	114	108	118	126	110	114	132	120	116	118	108	120	114	114	118	110	112	122	122	116	106	118	128	116	130	104	100	120	114	112	106	110	124	124
	122	114	110	116	116	122	126	116	112	116	116	118	114	110	120	112	124	112	108	112	122	114	122	118	102	130	122	120	114	118	128	118	116	114	118	120	112	112	114	112	120	128	120	116	112	114	112	118	122	104	116	108	120	112	120	112	132	108	114	118	116	122	112	118	122	120	106	116	118	124	128	112	112	98	110	114	102	116	124	108	110	130	120	112	118	106	120	114	114	116	106	112	122	120	110	104	112	124	116	122	102	100	118	112	112	104	106	118	118
	122	114	110	112	114	122	126	114	110	116	116	118	112	110	118	110	122	112	108	110	116	114	122	116	98	130	122	120	108	118	126	118	114	112	116	118	108	112	112	110	118	126	118	116	106	108	112	116	118	102	114	104	118	112	116	110	128	108	114	118	114	116	110	118	122	116	104	116	116	120	122	106	108	90	108	114	102	116	122	106	110	128	120	106	116	106	118	114	108	114	104	110	120	118	108	104	110	124	112	118	102	100	118	112	108	104	106	116	118
	122	114	110	112	112	120	124	112	102	114	114	116	108	110	118	108	122	112	108	110	116	114	122	116	98	126	122	118	108	118	124	116	108	112	114	112	106	110	110	102	116	120	114	114	106	108	110	116	118	102	114	104	118	108	116	106	128	108	114	118	114	114	106	116	118	114	104	112	112	116	120	102	108	90	108	110	100	116	120	104	108	124	120	106	116	102	114	114	104	114	104	110	120	112	104	102	106	124	112	114	102	100	116	112	108	100	106	110	114
	122	110	110	112	112	118	118	110	102	112	112	114	108	106	116	106	120	112	108	110	116	114	120	110	98	122	122	114	106	116	122	116	108	112	110	108	104	108	108	100	116	116	110	114	106	102	108	114	116	102	112	102	116	106	116	106	124	104	112	118	112	112	104	116	114	112	104	112	112	116	120	102	108	90	108	110	100	116	120	104	108	122	118	106	112	102	110	110	104	114	104	110	116	112	104	100	106	124	110	110	102	100	112	112	106	100	106	110	114
	120	110	108	110	112	116	116	106	102	110	112	114	106	106	116	106	120	108	108	102	116	108	118	108	98	120	116	112	104	116	116	116	108	108	108	108	104	108	106	100	116	114	108	112	106	98	108	112	116	102	112	102	114	106	112	104	122	102	110	118	112	112	102	116	114	112	104	112	108	116	116	102	106	90	108	108	100	112	120	104	106	122	118	102	112	96	108	110	104	110	102	108	114	112	100	100	106	124	108	110	102	100	112	112	106	100	106	108	112
	114	106	104	110	112	114	114	106	100	108	110	114	106	104	114	106	120	108	108	102	116	108	114	106	98	120	116	108	100	112	116	114	106	108	106	108	104	108	106	100	112	114	106	110	102	98	106	112	116	100	112	102	112	106	112	104	122	100	108	118	112	110	100	116	114	110	104	112	106	112	116	98	102	88	106	104	98	108	116	104	104	118	112	102	110	96	108	108	104	108	100	106	114	110	100	100	106	122	108	110	100	100	110	112	104	98	106	104	112
	112	104	102	106	112	114	112	104	98	102	108	114	104	104	112	106	118	104	108	102	114	104	114	104	96	120	116	108	100	106	114	114	106	106	104	108	104	108	106	100	110	112	106	108	102	98	106	112	116	98	108	102	112	106	110	102	122	100	108	118	112	110	100	112	110	110	104	112	104	112	116	96	102	88	106	104	98	106	116	104	102	118	112	102	108	96	106	106	104	104	100	106	114	108	100	100	106	118	108	108	100	100	110	112	104	96	106	102	112
	112	100	102	106	110	112	110	102	96	102	108	112	104	104	110	106	112	104	108	98	112	102	114	104	94	120	114	106	100	106	110	114	104	106	104	108	104	106	104	96	108	112	104	106	102	98	102	112	116	98	108	102	110	106	108	102	122	96	108	116	108	110	98	110	106	110	102	112	100	110	114	92	102	86	106	100	98	106	116	104	102	118	112	102	108	94	106	106	104	104	98	106	112	108	100	96	106	116	108	108	100	100	108	110	100	96	104	98	110
	110	98	100	104	108	108	110	102	96	100	108	112	104	100	108	104	112	100	104	98	112	100	114	102	94	118	114	106	100	106	110	112	102	104	100	102	102	100	100	96	104	112	104	104	102	96	102	112	114	98	108	102	108	106	108	98	122	96	106	116	108	110	98	110	106	108	102	110	100	106	114	92	102	86	104	100	98	104	112	102	100	114	110	102	108	94	104	106	104	102	96	104	108	104	98	96	106	112	108	102	98	100	108	108	100	90	104	98	110
	108	98	100	104	102	108	106	100	96	100	108	112	104	100	108	104	112	98	104	96	112	100	112	102	92	118	114	106	98	106	110	108	100	104	100	100	102	100	100	96	104	112	102	104	102	96	98	112	112	98	108	102	108	106	108	98	120	96	104	112	106	108	92	110	106	106	102	110	98	106	112	92	102	86	104	100	98	100	112	100	98	114	110	102	108	92	104	104	102	102	96	104	108	104	96	96	106	112	106	102	96	98	108	108	100	90	102	98	110
	108	96	96	102	102	108	104	94	96	100	108	108	102	96	106	104	112	98	102	94	108	100	108	100	92	118	112	104	98	104	108	108	98	104	98	100	100	98	100	96	104	110	102	104	102	96	98	108	112	98	108	102	106	104	106	96	116	96	104	110	104	108	90	110	106	106	102	110	98	106	108	90	102	86	102	96	96	100	112	100	96	114	110	102	108	92	102	102	100	102	96	102	104	102	94	94	104	108	106	102	96	98	108	108	100	88	100	96	110
	108	96	96	100	102	108	104	94	96	100	108	108	102	96	106	104	108	98	102	94	108	96	108	100	90	118	112	104	98	102	106	108	98	104	98	100	96	98	100	96	104	110	102	102	100	92	96	108	110	98	108	102	106	102	106	92	116	94	102	110	104	108	90	110	106	106	102	108	94	106	108	88	102	86	102	96	96	100	112	100	96	112	110	102	108	92	102	100	100	100	96	102	102	102	92	94	104	106	106	98	94	98	108	106	98	88	100	96	108
	106	96	96	100	102	108	102	94	96	100	106	108	102	94	106	104	106	96	102	92	108	94	108	100	90	118	112	104	98	102	106	106	96	104	98	100	94	96	100	94	104	110	100	102	100	90	96	108	108	94	108	102	104	102	106	92	112	94	100	108	104	106	88	108	106	104	102	106	94	104	106	88	102	86	102	96	96	100	112	100	94	110	108	102	108	86	100	100	98	100	96	102	100	98	92	94	104	104	106	98	94	96	108	104	98	88	100	96	106
	106	96	96	100	100	108	102	92	96	98	104	106	102	92	106	104	106	96	100	92	106	94	106	98	90	118	112	104	98	102	106	106	94	104	98	100	94	96	100	94	104	108	98	102	100	90	96	108	108	94	108	102	100	102	106	88	112	94	98	108	102	106	88	104	106	100	102	102	94	104	106	88	102	84	100	96	96	100	112	98	94	110	108	102	108	86	98	100	96	100	96	102	100	98	92	94	104	104	106	96	92	94	108	98	96	88	100	96	100
	104	96	96	100	100	106	102	90	96	98	104	106	102	92	106	102	106	96	100	92	106	94	106	96	88	114	112	104	98	102	106	102	92	102	98	98	94	96	94	94	104	104	98	100	98	90	96	108	108	94	108	102	100	102	104	86	112	92	94	106	102	104	88	102	104	100	102	100	92	100	106	86	102	84	100	96	94	100	112	98	92	110	104	102	108	86	96	98	92	98	92	102	96	96	92	94	104	104	106	96	88	94	108	94	94	88	100	96	98
	102	96	94	98	100	104	102	88	96	96	104	104	102	90	104	100	104	96	100	92	106	94	106	96	86	112	112	102	98	102	104	100	92	102	98	98	94	96	94	92	104	104	98	100	98	90	96	108	108	94	108	102	98	102	104	86	112	92	92	102	102	104	88	100	104	100	102	96	90	100	104	86	102	84	100	96	94	100	110	98	92	108	102	102	108	86	96	98	92	98	92	102	96	96	92	94	102	104	106	94	86	94	108	94	94	88	98	94	98
	102	96	94	98	100	104	100	86	96	96	102	104	102	90	104	100	102	96	100	92	106	94	106	96	86	108	112	102	98	100	104	98	92	102	98	98	94	96	94	92	102	104	98	100	98	90	96	106	106	92	108	100	98	100	102	84	110	92	86	102	102	102	86	98	102	100	102	96	90	100	104	86	102	84	98	96	94	100	106	96	92	108	102	102	108	86	96	98	90	96	92	102	96	94	90	94	98	102	106	92	82	94	104	94	92	88	98	94	98
	102	94	94	98	100	102	98	82	96	96	102	104	102	90	104	98	102	96	100	90	104	94	106	96	86	108	112	102	98	100	102	98	90	102	98	98	94	94	94	92	102	104	98	100	96	90	94	106	106	90	106	100	96	98	102	84	110	92	86	102	100	96	84	98	102	100	100	96	88	98	104	86	102	84	98	94	94	100	106	94	90	104	100	102	108	86	96	96	90	96	92	102	94	94	86	92	98	102	104	92	80	94	102	90	92	88	98	94	98
	102	94	94	96	100	100	98	82	96	96	100	104	102	90	102	98	102	96	100	90	102	92	106	94	86	108	112	100	98	98	102	98	88	102	96	98	94	94	94	92	102	102	98	100	96	90	94	106	106	90	104	100	96	96	100	82	108	92	86	100	100	96	82	98	102	100	98	96	84	94	104	86	102	84	98	94	94	100	104	94	90	104	100	102	108	84	96	94	90	96	92	102	94	92	86	92	98	102	104	92	80	92	100	90	92	88	98	94	98
	100	90	94	96	100	100	98	80	96	96	100	102	100	88	100	96	102	96	100	86	102	92	106	94	86	108	110	100	98	98	102	98	86	102	96	98	94	94	94	92	102	102	96	100	96	90	94	104	106	90	104	100	94	96	100	82	102	92	86	100	98	96	82	98	100	100	98	96	84	94	102	86	100	84	98	94	94	100	104	94	90	104	98	102	106	82	92	94	90	94	92	102	94	92	86	92	98	98	104	92	80	90	100	88	92	88	98	94	96
	100	90	94	96	100	100	98	80	96	96	100	102	100	88	100	96	102	96	98	86	100	92	104	92	86	106	110	98	98	98	100	96	86	102	96	98	92	92	94	92	100	100	94	98	96	90	94	104	106	90	104	100	92	96	98	82	102	92	86	100	96	96	82	98	96	98	98	94	84	92	98	86	100	84	98	92	94	100	102	94	88	100	96	102	106	82	92	94	90	92	92	102	94	92	86	92	98	98	104	92	80	88	100	86	92	88	98	94	96
	98	90	92	96	100	100	98	80	96	92	96	102	98	84	98	94	102	96	98	86	100	92	104	90	86	106	110	98	96	98	100	94	84	102	96	98	92	92	94	92	98	96	86	98	94	90	94	104	106	90	104	100	92	96	94	82	102	92	86	98	94	96	82	98	96	96	98	92	82	92	98	84	100	82	98	92	94	98	102	92	88	100	96	102	106	82	92	92	90	92	92	96	94	92	86	92	96	98	104	92	80	88	100	82	92	88	98	94	96
	98	90	92	96	100	100	96	80	94	90	96	100	96	84	98	94	100	96	98	84	100	92	104	88	86	104	110	98	96	98	98	92	82	102	96	98	92	92	94	92	98	96	86	98	94	90	94	102	106	90	104	98	90	94	94	80	98	92	86	98	94	94	82	98	96	94	98	92	82	86	96	84	100	82	94	92	94	96	100	90	88	98	96	102	106	82	92	88	90	90	92	96	94	92	86	92	96	98	104	90	80	88	100	80	92	88	98	94	94
	98	90	92	96	100	100	96	80	92	90	96	98	96	84	98	92	98	96	98	84	100	92	104	88	86	104	108	98	96	98	98	92	82	100	96	98	92	92	94	92	94	96	84	98	92	90	94	102	106	88	104	98	90	92	94	78	94	92	86	96	94	94	82	98	96	94	98	92	82	86	94	82	100	82	94	92	94	92	98	90	84	98	96	102	106	82	92	88	90	90	92	96	92	92	86	90	96	98	104	86	78	88	100	80	92	88	98	94	94
	98	90	90	94	100	98	96	80	92	90	96	98	96	82	94	92	98	96	96	84	100	92	104	88	86	104	108	98	96	98	98	92	82	100	96	98	92	92	94	88	94	96	82	98	92	90	94	102	104	88	102	96	90	90	94	78	92	92	86	94	94	94	82	96	96	94	98	92	82	86	94	82	100	82	94	92	94	92	98	90	80	96	94	102	106	82	90	88	90	90	90	96	90	92	86	88	96	98	104	86	78	84	100	78	92	88	98	92	94
	98	90	90	94	100	98	96	80	92	90	96	98	96	78	94	92	98	96	92	82	98	90	104	88	86	102	108	98	96	98	94	92	82	98	96	98	92	90	94	88	94	96	82	98	92	90	94	102	102	88	100	96	90	90	92	78	92	90	84	92	94	94	82	96	96	94	98	92	82	86	94	82	100	82	94	88	94	90	98	90	80	96	92	102	104	82	90	88	90	90	90	94	90	92	86	88	96	98	102	86	78	84	100	78	90	88	96	90	94
	98	90	90	94	100	98	96	80	92	90	94	98	96	78	94	90	98	96	90	78	96	90	104	88	86	100	108	98	96	98	92	90	82	98	96	98	92	90	94	86	94	96	82	98	92	88	94	102	100	86	100	96	90	90	92	78	92	88	84	92	94	94	82	96	96	94	98	92	82	86	92	82	100	82	94	88	94	90	98	90	80	96	92	102	104	82	90	88	90	90	90	94	90	90	86	88	96	98	102	86	78	84	100	74	90	88	96	88	94
	98	90	90	94	100	98	96	80	92	90	92	98	96	78	94	88	98	96	90	78	96	90	100	88	86	100	108	96	96	98	92	90	82	98	96	98	92	90	92	84	94	96	82	98	92	88	94	102	100	86	100	96	90	90	92	78	92	88	84	92	94	94	80	96	94	94	98	90	82	84	92	82	100	82	94	88	92	90	98	90	78	94	92	102	102	82	88	88	90	86	90	94	90	90	86	88	96	98	102	84	78	82	100	74	90	88	94	88	94
	96	90	90	94	98	98	96	80	92	90	92	98	96	76	94	86	98	92	90	78	96	88	100	88	86	100	108	96	96	98	92	90	80	98	96	98	92	90	92	84	92	94	82	98	92	86	94	102	100	84	98	94	88	90	92	78	92	88	84	92	94	94	80	96	94	94	96	88	82	84	88	80	100	82	94	88	92	90	96	90	78	94	92	102	100	82	88	88	88	86	88	94	90	90	86	86	96	98	102	82	78	82	98	74	90	88	94	88	94
	96	90	90	94	98	98	96	80	90	88	92	96	96	74	94	86	98	90	90	78	96	88	98	88	86	100	108	96	94	98	88	90	80	98	94	98	92	90	92	82	90	94	80	96	92	86	92	102	100	84	98	94	88	88	92	78	92	88	84	92	94	94	80	96	94	94	96	88	82	84	88	80	100	82	94	86	92	90	96	88	78	92	90	102	98	82	86	88	88	84	88	94	90	88	86	84	96	98	102	82	78	82	98	74	90	86	94	88	94
	94	90	90	94	98	98	96	80	90	88	92	96	96	74	94	86	98	90	90	78	96	88	98	88	86	100	108	96	94	98	88	86	80	98	94	98	92	90	92	82	90	94	78	96	92	84	92	102	100	84	96	94	88	88	92	76	90	88	82	92	94	94	78	96	94	94	94	88	82	82	88	80	100	82	94	84	92	90	96	88	76	90	90	102	98	82	86	88	88	84	88	94	90	86	86	84	96	98	102	82	78	82	98	74	88	86	92	86	94
	92	88	90	94	96	98	96	80	88	88	90	94	94	74	94	86	96	88	90	78	96	88	96	88	86	100	106	96	90	94	86	86	80	94	92	98	92	90	90	82	90	94	78	96	90	84	90	102	100	84	96	92	88	88	92	76	90	88	82	92	94	94	78	96	94	90	94	86	80	82	88	80	100	82	94	84	92	90	96	88	76	90	90	102	98	82	86	88	88	84	88	94	90	86	86	84	96	94	102	82	78	80	98	74	88	86	92	86	94
	92	84	90	94	96	98	96	78	88	88	90	94	92	74	94	86	96	84	90	78	96	88	94	84	84	100	106	96	88	94	86	86	80	92	90	98	92	90	90	82	90	94	78	96	88	82	90	102	98	84	96	88	86	88	92	76	88	88	82	92	94	94	78	96	94	88	94	86	80	82	88	80	100	82	94	84	92	90	96	88	76	90	90	102	98	82	86	88	88	84	88	94	88	86	86	84	96	92	102	82	78	78	98	74	88	84	92	86	94
	90	84	90	94	96	98	96	78	88	88	90	94	92	74	94	84	96	84	86	78	96	86	94	84	84	100	104	96	86	94	86	86	80	92	90	96	92	90	90	82	90	92	78	94	88	82	90	102	98	84	96	88	86	88	92	76	88	88	80	90	94	94	78	96	92	88	92	86	80	82	88	80	98	82	94	84	92	88	96	88	76	90	90	102	98	82	86	88	88	84	88	94	88	86	86	84	96	92	100	82	78	78	98	74	88	84	92	86	94
	90	84	90	94	96	98	96	78	82	88	88	92	92	74	94	84	96	84	86	78	96	86	94	82	84	96	104	96	86	92	84	86	80	90	90	96	92	90	90	82	90	92	78	94	86	82	90	102	98	84	96	88	86	86	92	76	88	88	80	90	94	94	78	96	92	88	90	86	80	82	84	80	98	82	94	82	92	88	96	88	74	90	88	102	98	82	84	86	86	82	88	94	88	86	86	84	96	92	100	82	78	78	96	74	88	84	92	86	94
	90	82	90	94	94	96	96	78	82	88	88	92	92	74	94	82	96	82	86	78	94	86	94	82	82	96	102	96	84	92	84	84	80	90	88	94	92	90	90	82	90	88	78	92	86	82	90	102	96	82	96	88	86	84	92	76	88	86	80	88	92	94	78	94	92	86	90	86	80	82	84	80	96	82	94	82	92	88	96	88	74	90	88	102	98	80	82	86	86	82	88	94	88	86	86	84	96	92	100	82	78	78	96	74	86	84	92	86	94
	88	82	90	94	90	96	96	78	80	88	88	92	92	74	94	82	92	82	84	78	94	86	94	82	80	96	102	96	84	92	84	84	80	88	88	94	92	86	90	80	90	88	78	88	84	80	90	100	94	82	94	86	84	84	90	76	88	86	80	88	90	94	78	94	92	86	90	86	80	82	84	80	94	82	94	82	92	88	96	88	72	90	88	102	98	80	80	86	86	82	88	92	88	86	86	84	96	92	98	82	78	78	96	74	86	84	92	86	92
	88	82	90	94	90	96	96	76	78	88	86	92	92	74	94	82	92	82	84	78	94	86	92	82	80	96	102	96	84	92	84	84	80	88	88	92	92	86	90	80	90	88	78	88	84	78	90	100	94	82	94	86	84	84	90	76	88	86	80	88	90	94	76	94	92	86	90	86	80	82	84	80	92	82	94	78	92	88	96	88	72	90	88	102	96	78	80	86	86	80	88	92	88	86	86	84	92	92	98	82	78	78	96	74	86	84	92	86	92
	86	82	88	94	88	96	96	76	76	88	86	92	92	72	94	82	92	82	84	78	94	86	92	82	80	92	102	96	84	92	84	84	80	88	88	92	92	84	90	80	90	88	76	84	82	76	90	100	94	82	94	84	84	84	90	76	88	86	80	88	90	94	76	94	92	86	90	86	80	80	84	78	92	82	94	78	92	88	96	88	72	88	88	102	94	78	80	86	84	80	86	92	88	84	86	84	92	92	98	82	78	78	96	74	86	84	92	84	92
	86	80	88	94	86	96	96	74	76	88	86	92	88	72	94	82	88	82	84	78	94	84	92	82	80	90	102	96	84	92	82	82	80	88	88	92	92	80	90	80	88	86	76	84	82	76	88	100	94	82	94	84	84	82	90	76	88	86	80	88	90	94	76	94	92	86	90	86	80	80	84	76	90	82	94	78	92	88	92	88	72	88	88	102	92	78	80	84	84	80	84	92	88	84	86	84	92	90	96	82	78	78	96	74	86	82	92	84	92
	86	80	86	94	86	96	94	72	74	88	86	92	88	72	94	82	88	82	84	78	92	84	92	82	80	90	102	96	84	92	82	82	80	88	88	92	92	80	90	80	88	86	76	84	82	76	88	100	94	82	94	84	84	82	90	76	88	86	80	88	90	94	76	94	92	86	90	86	80	80	82	76	90	82	94	78	92	88	90	88	72	86	88	102	90	78	80	84	84	78	84	92	88	84	86	84	92	88	96	82	78	78	94	74	86	82	92	84	92
	86	80	86	92	86	94	94	72	74	88	84	92	88	70	94	82	88	82	84	78	90	84	92	80	80	88	102	96	84	92	82	80	80	88	88	92	92	80	88	80	86	86	76	84	82	76	88	100	94	82	94	82	84	82	90	76	88	86	78	88	90	94	76	94	92	86	90	86	80	80	82	76	90	82	94	78	92	88	90	88	72	86	88	102	90	78	80	84	84	78	84	92	88	82	86	84	92	86	96	82	78	78	92	74	86	82	90	84	90
	86	80	86	92	86	94	94	72	74	86	84	92	88	70	94	80	88	82	84	78	90	84	92	80	80	88	102	96	82	92	82	80	80	88	88	90	92	80	86	80	86	86	76	84	82	76	88	100	94	82	94	82	84	80	86	76	88	86	76	88	90	92	76	94	92	86	90	86	80	80	82	76	86	82	94	78	92	88	90	88	72	86	88	102	88	78	80	84	84	78	84	86	88	82	86	84	92	86	96	82	78	78	92	72	86	80	90	84	90
	86	80	84	92	86	94	94	70	74	86	84	92	88	70	94	80	88	80	82	78	88	82	92	80	80	86	102	96	82	92	82	80	80	88	88	90	92	80	86	78	86	86	74	84	82	76	88	100	94	82	94	78	84	80	86	76	88	86	74	88	90	92	76	94	92	86	90	86	80	80	82	76	86	82	94	78	92	88	90	88	72	86	88	102	88	78	80	84	82	78	84	84	88	82	86	82	92	86	94	82	78	78	92	72	86	80	90	84	90
	86	80	84	92	86	94	94	70	74	84	82	90	88	70	94	80	88	80	82	78	86	82	92	80	80	86	102	96	82	92	82	80	80	88	88	88	92	80	86	78	86	84	74	84	82	76	88	100	92	82	94	78	84	80	86	76	88	86	74	88	90	92	76	94	92	86	90	86	80	80	82	76	86	82	94	78	90	86	90	88	72	86	88	102	88	78	80	84	82	78	84	84	88	82	86	82	92	86	94	82	78	78	90	72	84	78	90	84	90
	86	80	84	92	86	94	94	70	74	84	80	90	88	70	92	80	88	80	82	76	86	82	92	80	80	86	102	96	82	90	82	80	80	88	88	88	92	80	86	78	84	84	74	84	82	76	88	100	90	82	94	72	84	80	86	76	84	86	74	88	90	92	76	94	92	86	88	86	80	80	82	76	86	82	90	78	88	86	90	88	72	86	88	102	88	78	80	84	80	78	84	84	86	82	86	82	92	86	92	82	78	78	88	72	84	78	90	84	90
	86	80	84	92	86	94	94	68	72	84	80	90	88	68	92	80	88	80	82	76	84	82	92	80	78	86	102	94	82	90	82	80	80	88	86	88	92	80	86	76	84	84	74	84	82	76	88	100	90	82	94	72	84	80	86	76	84	86	74	88	90	92	76	94	92	86	88	84	80	78	82	76	86	82	88	78	88	86	90	88	72	86	88	102	88	78	80	84	80	78	84	84	86	82	86	82	92	86	92	82	78	78	88	72	84	76	90	84	88
	86	80	84	92	86	94	94	66	70	84	80	90	86	68	92	78	88	80	82	74	84	82	92	80	78	86	102	94	82	90	80	80	80	88	86	88	90	80	86	76	84	84	74	84	82	76	88	98	88	82	94	72	84	78	86	76	84	86	74	88	90	90	76	94	90	86	88	84	78	78	82	76	86	82	88	78	88	86	90	88	70	86	88	102	88	78	80	84	76	78	84	84	86	82	86	82	92	86	92	82	78	78	88	72	82	76	90	84	86
	86	78	82	90	86	94	94	66	68	84	80	88	86	68	90	78	88	78	80	74	84	82	92	80	78	84	102	94	82	90	80	80	80	88	86	88	90	80	86	76	84	84	72	84	82	74	88	98	88	82	94	72	84	78	86	76	84	86	74	88	90	88	76	94	88	86	88	84	78	78	82	76	86	82	88	78	88	86	90	88	70	86	88	102	88	76	78	84	76	78	84	82	86	80	86	82	92	86	92	82	78	78	86	72	82	76	90	84	86
	86	78	82	90	86	94	94	64	68	82	80	88	86	68	90	78	88	78	80	74	82	82	92	80	76	84	102	94	82	88	78	78	80	88	86	88	90	80	86	76	84	84	72	84	82	74	88	98	88	82	94	72	84	78	86	76	84	86	72	88	90	86	76	94	88	84	88	84	78	78	82	76	86	82	88	78	86	86	90	88	70	86	88	102	88	74	78	84	76	78	84	82	86	80	86	82	90	86	90	82	78	78	84	72	82	76	90	84	86
	86	78	82	90	86	94	94	62	68	82	80	88	86	66	90	78	88	78	80	74	82	82	92	80	76	84	102	94	82	86	78	78	80	88	86	88	90	80	86	76	84	84	72	84	82	74	88	96	88	82	94	72	84	78	86	76	84	86	70	88	90	86	76	94	88	84	88	84	78	78	82	76	86	82	88	78	86	84	90	88	70	84	88	100	88	74	78	84	76	78	84	82	86	80	82	82	90	86	90	82	78	78	84	72	82	76	90	82	86
	86	78	82	90	86	94	94	62	68	82	80	88	84	66	90	78	88	78	80	74	82	82	90	80	76	84	102	94	82	86	78	78	80	88	86	86	90	80	86	76	84	82	72	84	82	74	88	96	88	82	94	72	84	78	86	74	84	86	70	88	90	86	76	94	88	84	88	84	78	78	82	76	86	82	88	78	86	84	90	88	70	84	88	100	88	74	78	84	76	78	84	82	86	80	80	82	90	86	90	82	78	78	82	72	80	76	90	82	86
	86	78	80	90	86	94	90	62	68	82	80	88	82	66	88	78	88	78	80	74	82	82	90	80	76	84	102	92	82	86	78	78	80	88	86	84	90	80	84	76	84	82	72	84	80	74	88	96	88	82	94	72	84	78	86	74	84	86	70	88	90	86	76	94	88	84	88	84	78	78	82	76	86	80	88	78	84	84	90	88	68	84	88	100	88	74	78	84	76	78	84	82	86	78	80	82	90	86	90	82	78	78	82	72	80	74	86	82	86
	86	78	80	90	86	92	90	62	68	82	80	88	82	66	88	78	88	78	78	74	82	82	88	80	76	84	102	92	82	86	78	78	80	88	86	84	90	78	84	76	84	82	72	84	80	74	88	94	86	82	94	72	84	78	86	74	82	86	68	88	90	86	76	94	88	84	88	84	78	78	82	76	86	80	88	78	84	84	90	86	66	84	88	100	86	74	78	84	76	78	84	82	86	78	80	82	90	86	90	82	78	78	82	72	80	74	84	82	86
	86	78	78	88	86	92	90	62	68	82	80	88	82	64	88	78	88	78	78	74	80	80	88	80	76	84	102	90	82	86	78	78	80	88	86	84	88	78	84	76	84	82	72	84	80	74	88	94	86	82	94	72	84	78	86	72	80	86	66	88	90	84	76	94	88	84	88	84	78	78	82	76	84	76	88	78	84	84	90	86	66	84	88	100	84	74	78	84	76	78	84	82	86	78	80	82	90	86	90	82	78	78	82	72	80	74	84	82	86
	86	76	78	88	86	92	90	62	68	80	80	88	82	64	88	78	88	78	78	74	80	80	88	80	74	84	102	90	82	86	78	76	80	88	86	84	88	78	84	76	84	82	72	84	80	74	88	94	84	82	94	72	84	78	86	72	80	86	66	88	90	84	76	94	86	82	88	84	78	78	82	74	84	76	88	78	84	84	90	86	66	84	88	100	84	74	78	84	76	78	84	82	86	78	80	82	90	86	90	80	78	78	82	70	80	74	84	82	86
	80	76	78	86	86	92	90	62	68	80	80	88	82	64	88	78	86	78	76	74	80	80	88	80	74	84	102	90	80	86	76	76	80	88	86	84	88	78	84	76	84	82	72	84	80	74	88	94	84	82	94	72	84	78	86	72	80	86	66	88	88	82	76	92	86	82	88	84	78	78	82	74	84	76	88	76	84	84	90	86	66	82	88	100	82	74	78	84	76	78	84	82	86	78	80	82	90	84	90	80	78	78	82	70	80	74	82	80	86
	80	76	78	84	86	92	90	60	68	80	80	88	82	64	88	76	84	78	76	72	78	80	88	80	74	82	100	88	80	86	76	76	80	88	86	84	88	78	84	76	84	82	72	82	80	72	88	94	84	82	94	72	84	76	86	72	76	84	66	88	88	82	76	92	86	82	88	84	78	78	82	74	84	76	88	76	84	84	88	86	66	82	88	100	82	74	78	84	76	78	84	82	86	78	80	82	90	84	90	80	78	78	82	70	80	74	82	80	86
	80	76	76	84	84	92	90	58	68	80	80	88	82	64	86	74	84	78	76	72	78	80	88	80	74	80	98	88	80	86	76	76	80	88	86	84	86	78	84	74	84	82	72	82	80	72	88	94	84	82	94	72	84	76	86	72	76	84	66	88	88	82	76	92	86	82	88	84	78	78	82	72	84	76	88	76	84	84	88	86	66	82	88	100	82	74	78	84	76	78	84	82	86	78	80	82	90	82	90	80	78	78	82	70	80	74	82	80	86
	80	76	76	84	84	92	90	58	68	78	78	86	82	64	86	74	84	78	76	72	78	80	88	80	74	80	96	88	80	86	76	76	80	86	86	84	86	78	84	74	84	82	72	80	80	72	88	94	84	82	94	72	84	76	86	72	76	82	66	88	86	82	76	92	86	82	88	84	78	78	82	70	84	76	88	76	84	84	88	86	66	82	88	100	82	74	78	84	76	78	84	82	86	76	80	82	90	80	90	80	78	78	82	70	80	74	82	80	86
	80	76	76	84	84	92	90	58	68	78	78	86	82	64	86	72	82	78	72	72	78	80	88	80	74	80	96	86	80	86	76	76	80	86	86	84	86	78	84	74	84	82	72	80	80	72	88	94	84	82	94	72	84	76	86	72	76	80	66	86	86	80	76	86	86	82	88	82	78	78	82	70	84	76	88	76	84	84	88	84	66	82	88	96	82	74	78	84	76	78	84	82	86	76	80	82	90	80	90	80	78	78	82	70	80	72	82	80	86
	80	76	76	84	84	92	90	58	68	78	78	86	82	64	86	70	82	78	72	72	78	80	88	80	74	80	96	86	80	86	76	76	80	86	86	84	86	78	80	74	84	82	72	80	80	72	88	94	84	82	94	72	84	76	86	72	76	80	66	86	86	78	76	86	86	82	88	82	78	78	82	70	84	76	88	76	84	84	88	84	66	82	88	94	82	74	78	84	76	78	84	82	86	74	80	82	90	80	90	80	78	78	82	70	80	72	82	80	86
	80	76	76	84	82	92	90	58	68	78	78	86	82	64	86	70	82	78	72	72	76	80	88	80	74	80	96	86	80	86	74	74	80	86	86	84	86	78	80	74	84	82	72	80	80	72	88	94	84	82	94	72	84	76	86	72	76	80	66	86	86	76	76	86	86	82	88	82	78	78	82	70	82	76	88	76	84	84	88	82	66	82	86	92	82	72	78	84	76	78	84	82	86	74	80	82	90	78	90	80	78	78	82	68	80	72	82	80	86
	80	76	76	84	82	92	90	58	68	78	78	84	82	64	86	70	82	78	72	72	76	80	88	80	74	80	96	86	78	86	74	74	80	86	86	84	86	78	80	74	84	82	72	80	78	70	88	94	84	82	94	72	84	76	84	72	76	80	66	86	84	76	76	86	84	82	88	82	78	78	82	70	82	76	88	76	82	84	88	82	66	82	86	92	82	70	78	84	76	78	84	82	86	74	80	82	90	78	90	80	76	78	82	68	80	72	82	80	86
	80	76	76	84	82	92	90	58	68	76	78	82	82	64	86	70	82	78	72	72	76	80	88	80	74	78	96	86	78	86	74	74	80	86	86	84	86	78	80	72	84	82	72	80	78	68	88	94	84	82	94	72	84	76	84	72	76	80	66	86	84	76	76	86	84	82	88	82	78	78	82	70	82	76	88	76	80	84	88	80	66	82	84	92	80	70	78	84	76	78	84	82	86	74	78	82	88	78	90	80	76	78	82	68	80	72	82	80	86
	78	76	76	84	82	92	88	58	68	76	78	82	82	62	86	70	82	78	72	72	76	80	88	80	74	76	94	86	78	82	74	74	80	86	86	84	86	78	80	72	84	82	72	80	78	68	86	94	84	82	94	72	84	76	84	72	76	80	66	86	84	76	76	86	84	82	88	82	78	78	82	70	82	76	86	76	80	84	88	80	66	80	84	92	80	70	78	84	76	78	84	82	86	74	78	82	86	78	90	80	74	78	82	68	80	72	82	80	86
	78	76	74	84	80	92	84	58	68	76	78	82	82	62	86	70	82	78	72	72	76	80	86	80	74	74	92	86	78	82	74	74	80	86	86	84	86	78	80	70	84	82	72	80	76	68	86	94	84	82	94	72	84	76	84	72	76	76	66	84	84	76	76	86	84	82	88	80	78	78	82	70	82	76	86	76	80	82	88	80	66	80	82	92	80	70	78	84	76	78	84	82	86	74	78	82	86	78	90	80	72	78	80	68	80	72	82	80	86
	78	76	74	82	80	92	84	58	68	76	78	82	80	62	86	70	82	78	72	72	76	80	86	78	74	74	90	86	78	82	74	74	80	86	86	82	86	78	80	70	84	82	72	80	74	68	86	94	82	82	94	72	84	76	84	72	74	76	66	82	84	76	76	86	84	82	88	80	78	78	82	70	82	74	86	76	80	82	88	80	66	80	82	92	80	70	78	84	76	78	82	82	86	74	78	82	86	78	90	78	72	78	80	68	80	72	80	80	86
	78	76	74	82	80	92	84	58	68	76	78	82	80	62	86	70	82	76	72	72	76	80	86	78	74	74	90	86	78	82	74	74	80	86	86	82	86	78	80	70	84	82	72	80	74	68	84	92	82	82	94	72	84	76	84	72	74	76	66	82	84	76	76	86	84	82	88	80	78	78	82	70	82	74	86	76	80	82	88	80	66	80	82	92	80	70	78	84	76	78	82	82	86	74	78	82	86	76	90	78	72	78	80	68	80	72	80	80	86
	78	76	72	82	80	92	84	58	68	74	76	82	78	62	86	70	80	76	72	72	76	80	86	78	74	74	90	86	78	82	74	74	80	86	86	80	86	76	80	70	84	82	72	80	72	68	84	92	82	82	94	72	84	76	84	72	74	76	66	82	84	76	76	86	84	82	88	80	78	78	82	70	82	74	86	76	80	82	88	80	66	80	82	92	80	70	78	84	76	78	82	82	86	74	78	82	82	76	90	76	72	78	80	68	80	72	80	80	86
	78	76	70	82	80	92	84	58	68	74	76	82	78	62	86	70	80	76	72	72	76	80	86	78	74	74	88	86	78	82	74	74	80	86	86	80	86	74	80	70	84	82	72	80	72	68	82	90	82	82	94	72	84	70	84	72	74	76	66	82	84	76	76	86	84	82	88	80	78	78	82	70	82	74	86	76	80	80	86	80	66	80	82	92	80	68	78	84	76	78	82	82	86	74	78	82	82	76	90	76	70	78	80	68	80	72	80	78	86
	78	76	70	82	80	92	84	58	68	74	76	82	78	62	86	70	80	76	72	72	76	80	86	78	74	74	88	86	78	82	74	74	76	86	86	80	86	74	80	70	84	82	72	80	72	68	82	90	82	82	94	72	82	70	84	70	74	76	66	82	84	76	76	86	84	80	88	80	78	76	82	70	82	74	86	76	78	80	86	80	66	80	82	90	80	68	78	84	76	78	82	80	86	74	78	82	80	76	90	76	70	78	80	68	80	72	80	78	86
	78	76	70	82	80	92	84	58	68	74	76	82	78	62	86	70	80	76	72	72	76	80	86	78	74	74	88	86	78	82	74	74	76	86	86	80	86	74	80	70	84	82	72	80	72	68	82	90	80	82	94	72	82	70	84	70	74	76	66	80	84	76	76	84	82	80	88	80	78	76	82	70	82	74	86	76	78	80	86	80	66	80	82	90	80	66	78	84	76	78	82	80	86	74	78	82	80	76	90	76	70	78	80	68	80	72	80	78	86
	78	76	70	82	80	92	84	58	68	74	76	82	78	62	86	70	78	76	72	72	76	80	86	78	74	74	88	86	78	82	74	74	76	86	86	80	86	72	80	68	84	82	72	80	72	68	82	90	80	82	94	72	82	70	84	70	74	76	66	80	84	76	76	84	82	80	86	80	78	76	82	70	82	74	86	76	78	80	86	80	66	80	82	90	80	66	78	82	76	78	82	80	86	74	78	82	80	76	90	76	70	76	80	68	80	72	80	78	86
	78	76	70	82	80	92	84	58	68	74	74	82	78	62	86	70	78	76	72	72	76	80	84	78	74	74	88	86	78	82	74	74	76	86	86	80	86	72	80	66	84	82	72	80	72	68	82	90	80	82	94	72	82	70	84	70	74	74	66	80	84	76	76	84	82	80	86	80	78	76	82	70	82	74	86	76	78	80	86	80	66	80	82	90	80	66	78	80	76	78	82	78	86	74	78	82	80	76	90	76	70	76	80	68	80	72	80	78	84
	78	76	70	82	80	92	84	58	68	74	74	82	78	62	82	70	78	76	72	72	76	80	84	78	74	74	88	86	78	82	74	74	76	86	86	80	84	72	80	66	84	82	72	80	72	68	82	90	80	82	94	72	82	70	84	70	74	72	66	80	84	76	76	84	82	80	86	80	78	76	82	70	80	74	86	76	78	80	86	80	66	80	80	90	80	66	78	80	76	78	80	76	86	74	78	82	80	76	90	76	70	76	80	68	80	72	80	78	84
	78	72	70	82	80	92	84	56	68	74	74	82	76	62	82	70	78	74	72	72	76	80	84	78	74	74	88	86	78	82	72	74	76	86	86	80	84	72	78	64	84	82	72	80	72	68	80	90	80	82	94	72	82	70	84	70	74	72	66	80	84	76	76	84	80	80	86	80	78	76	82	70	80	74	84	76	78	80	86	80	66	80	80	90	80	66	78	80	76	78	80	76	84	74	78	82	80	76	88	76	70	76	80	68	78	72	80	78	84
	78	72	70	82	80	92	84	56	68	72	74	80	76	62	80	70	78	74	70	72	76	80	84	78	74	74	88	86	78	82	72	74	76	86	86	80	84	72	78	64	84	82	72	80	72	68	80	90	78	82	94	72	82	70	84	70	74	72	66	80	84	76	76	84	80	80	86	80	78	76	82	70	80	74	84	76	78	80	86	80	66	80	80	88	78	66	78	80	74	78	80	76	82	74	78	82	80	76	88	76	70	76	80	68	78	72	80	78	82
	78	72	70	82	80	92	84	56	68	72	72	80	74	62	80	70	78	74	70	72	76	80	84	78	74	74	86	86	78	82	72	74	76	86	86	80	84	72	78	64	82	82	72	80	72	68	80	90	78	82	94	72	82	68	84	70	74	70	66	80	84	76	76	84	80	80	86	80	78	76	82	70	80	74	84	76	78	80	86	80	66	80	80	88	78	66	78	80	72	78	80	76	82	74	78	82	80	76	88	76	70	76	80	68	78	72	80	78	82
	78	72	70	82	80	92	84	56	68	72	72	78	74	62	78	70	78	74	70	72	72	80	84	78	74	74	86	86	78	82	72	74	74	86	86	80	84	72	78	64	82	82	72	80	72	68	80	90	78	80	94	72	82	68	84	70	74	70	66	80	84	76	76	84	78	80	86	80	78	74	82	70	80	74	84	76	78	80	86	80	66	80	80	88	76	66	78	80	72	78	80	76	82	74	78	82	80	76	88	76	70	76	80	68	78	72	80	78	82
	78	72	70	82	80	92	84	56	68	72	72	78	74	62	74	70	78	74	70	72	72	80	84	76	74	74	84	86	76	82	72	74	74	86	86	80	84	72	76	64	82	82	72	80	72	68	78	90	78	80	94	72	80	68	84	68	74	70	66	80	84	76	76	84	78	80	86	80	78	74	82	70	80	74	84	74	76	80	86	80	66	80	80	88	76	66	78	80	72	78	80	76	82	74	78	80	80	76	88	76	70	76	80	68	76	72	80	78	82
	78	72	70	82	80	92	84	56	66	72	72	78	74	62	72	70	78	74	70	72	72	80	84	76	74	74	84	86	76	82	72	74	74	84	86	78	82	72	76	64	82	82	72	80	72	68	78	90	78	78	94	72	80	68	84	68	74	70	66	80	84	76	76	84	78	80	86	80	78	74	82	70	80	74	84	74	76	80	86	80	66	80	80	88	76	66	78	80	72	78	80	76	82	74	78	78	80	76	88	76	70	76	80	68	76	72	80	78	82
	78	72	70	80	80	92	84	56	66	72	72	78	74	62	72	70	78	74	70	72	72	80	84	74	74	74	84	84	76	82	72	74	74	84	86	78	82	72	76	64	82	82	72	80	72	68	78	90	78	76	94	72	80	68	84	68	74	70	66	80	84	76	76	84	78	80	86	80	78	74	80	70	80	74	84	74	76	80	86	80	66	80	80	86	76	66	78	80	72	78	80	76	82	74	78	78	80	76	88	76	70	76	80	68	74	72	80	78	82
	78	72	68	80	80	92	84	56	66	70	72	78	74	62	72	70	78	74	70	72	72	80	84	74	74	74	84	84	76	82	72	74	74	84	84	78	82	72	76	64	82	82	72	80	72	68	78	90	78	76	94	72	80	68	84	68	74	70	66	80	84	76	76	84	78	80	86	80	78	74	80	70	80	74	84	74	76	80	86	80	66	80	80	86	76	66	78	80	72	78	80	76	82	72	78	78	80	76	88	76	70	74	80	68	74	72	80	78	82
	78	72	68	80	80	90	84	56	66	70	72	78	72	62	72	70	78	74	70	72	72	80	84	74	74	74	84	82	76	82	72	74	74	84	82	78	80	72	76	64	82	82	72	80	72	68	78	90	78	74	94	72	80	68	84	68	74	70	66	80	84	76	76	84	78	80	86	80	78	74	80	70	80	74	84	74	76	80	84	80	66	80	80	86	74	66	78	80	72	78	80	76	82	72	78	78	80	76	88	76	70	74	78	68	74	72	80	78	82
	78	72	68	80	80	90	84	56	66	70	72	76	72	62	72	70	78	74	70	72	72	80	84	74	74	74	82	82	76	82	72	74	72	84	82	78	80	72	76	62	82	80	72	80	72	68	78	90	78	74	94	72	80	68	84	68	74	70	66	80	84	76	76	84	78	80	86	80	78	74	80	70	80	72	84	74	76	80	84	80	66	80	80	86	74	66	78	80	72	78	80	76	82	72	78	78	78	76	88	76	70	74	76	68	74	72	80	78	82
	78	72	68	80	80	90	84	56	64	70	72	76	72	62	72	70	78	74	70	72	72	80	84	74	74	74	82	82	76	80	72	74	72	84	82	78	80	72	76	62	82	80	72	80	72	68	78	90	78	74	94	72	80	68	84	68	74	70	66	80	84	76	76	84	78	80	86	80	78	74	80	70	80	72	84	74	76	80	84	80	66	78	80	86	74	66	76	80	72	78	80	76	82	72	78	78	78	74	88	76	70	74	74	68	74	72	80	78	82
	78	72	68	80	80	90	84	56	64	70	72	76	72	62	72	70	78	74	70	72	72	80	84	74	74	74	82	80	76	80	72	74	72	84	80	78	80	72	76	62	82	80	72	80	72	68	78	90	78	74	94	72	80	68	84	68	74	70	66	78	84	76	74	84	78	80	86	80	78	74	80	70	80	70	84	74	76	80	82	80	66	78	80	86	74	66	76	80	72	78	78	76	82	72	78	78	78	74	88	76	70	74	74	68	74	72	80	78	80
