	0	0	0	0	0	0	0	0	0	0	0	0	0	0	0	0	0	0	0	0	0	0	0	0	0	0	0	0	0	0	0	0	0	0	0	0	0	0	0	0	0	0	0	0	0	0	0	0	0	0	0	0	0	0	0	0	0	0	0	0	0	0	0	0	0	0	0	0	0	0	0	0	0	0	0	0	0	0	0	0	0	0	0	0	0	0	0	0	0	0	0	0	0	0	0	0	0	0	0	0	0	0	0	0	0	0	0	0	0
	626	662	638	638	660	630	662	672	652	670	658	620	638	654	632	640	692	644	662	660	684	666	630	640	620	654	636	672	612	668	620	626	624	630	676	646	650	628	640	618	632	630	650	616	668	616	644	664	650	674	658	638	634	644	682	642	658	636	662	654	656	634	636	648	664	654	624	658	634	652	632	638	644	652	644	652	674	668	648	652	650	628	644	660	678	666	652	650	632	676	648	674	672	626	654	652	626	628	630	658	664	646	658	642	630	660	630	612	646
	490	524	524	512	520	528	528	544	530	530	532	526	508	528	498	516	518	520	526	536	520	504	496	520	512	530	510	516	490	534	500	490	494	522	516	514	548	510	514	496	488	506	516	498	540	510	526	522	528	518	498	536	506	534	546	498	548	530	518	520	512	504	514	512	498	502	514	532	502	522	504	492	508	548	528	530	530	500	516	522	502	496	528	520	538	520	522	510	492	540	534	520	532	494	516	518	500	502	516	508	518	506	532	518	522	518	526	492	504
	424	448	442	438	438	450	438	472	460	424	442	442	446	448	436	444	464	428	448	464	438	434	418	446	446	440	442	420	412	448	420	422	418	422	438	450	480	420	454	416	424	450	454	440	468	458	456	422	438	446	442	432	432	450	440	414	458	428	434	444	456	440	432	464	410	412	458	454	422	446	436	428	452	464	438	458	454	428	460	446	442	422	440	452	442	442	458	418	406	452	444	450	444	416	450	416	438	426	436	454	454	436	458	446	438	456	454	414	418
	374	390	406	402	378	386	396	410	422	370	394	400	390	424	392	396	418	358	396	428	400	392	386	392	400	384	384	382	376	406	360	368	378	388	376	402	428	380	420	378	374	394	404	382	404	404	406	386	368	396	408	386	382	394	396	374	418	366	392	392	398	386	388	404	358	368	402	414	372	388	394	378	404	394	384	390	412	382	410	400	390	360	386	402	394	388	390	382	368	390	394	390	388	382	384	368	390	386	376	386	402	388	406	396	380	418	406	376	374
	348	358	386	380	340	354	362	382	378	348	362	368	346	388	368	366	386	324	352	404	358	356	346	360	358	352	354	360	356	358	330	346	362	348	356	376	386	354	380	358	342	356	386	354	366	372	372	348	330	362	372	352	364	366	354	342	376	332	372	350	382	362	360	378	332	342	368	384	340	356	364	342	376	354	358	356	370	358	380	340	350	340	364	382	358	360	366	342	338	356	360	368	374	342	346	344	352	366	344	356	358	360	376	368	336	398	376	350	350
	318	332	366	362	316	338	344	352	360	326	340	354	326	348	346	344	348	308	328	370	344	332	314	342	338	332	332	346	328	348	312	332	340	324	318	364	364	326	350	336	320	338	346	332	346	346	344	324	314	338	354	334	344	340	320	322	356	316	340	330	362	346	330	366	320	324	342	358	318	328	346	322	352	318	330	334	330	346	356	320	320	316	336	352	344	342	338	326	320	334	338	346	362	314	330	314	312	342	324	332	348	348	352	336	312	374	352	318	332
	304	312	348	346	300	320	320	334	344	298	330	340	304	324	332	334	338	288	312	354	340	312	292	330	314	324	318	326	314	328	296	308	320	312	300	350	340	304	336	322	306	318	320	318	336	328	326	306	290	322	330	320	324	314	302	306	332	294	312	320	346	340	320	356	298	310	328	334	304	316	330	310	336	306	322	316	314	326	330	310	294	310	310	338	332	324	326	312	298	316	324	334	348	296	320	290	300	322	304	322	338	322	334	322	286	348	342	300	322
	292	300	332	330	288	300	300	316	328	290	310	318	296	314	318	320	324	286	308	330	322	296	276	320	292	316	304	314	304	310	282	298	296	292	288	330	330	302	314	302	286	312	306	306	322	300	312	300	284	310	318	302	304	294	284	282	330	286	302	302	322	330	306	350	290	300	306	314	288	306	320	304	320	298	310	300	308	306	310	298	284	300	292	322	320	318	314	294	288	308	310	326	340	282	310	280	294	310	286	300	326	310	316	300	260	340	328	282	310
	286	286	324	330	280	282	292	308	306	280	296	310	282	294	308	308	316	276	302	318	304	286	268	306	282	308	294	304	298	290	274	288	274	290	276	320	320	294	310	292	278	300	294	296	314	292	298	296	270	308	314	296	300	284	272	272	322	278	288	298	312	320	280	328	282	286	298	304	280	298	308	292	296	282	304	294	300	298	298	292	280	290	284	300	306	310	300	282	272	304	308	322	332	264	298	270	284	300	274	298	318	306	308	292	254	330	314	274	306
	280	282	304	318	266	278	278	302	290	280	280	300	278	276	298	300	308	270	296	310	298	286	266	290	274	294	282	298	286	280	258	272	260	280	264	310	318	286	302	284	272	300	282	286	310	280	294	282	256	304	300	282	288	276	266	272	314	258	280	292	296	302	270	318	274	276	284	290	270	280	296	286	280	266	292	288	288	280	290	278	280	278	276	284	298	302	292	264	258	290	306	320	320	254	288	260	282	282	270	284	308	290	296	286	246	314	302	268	300
	280	274	294	306	262	270	274	290	280	274	270	290	272	268	290	286	296	264	286	296	286	270	260	282	266	292	274	280	284	276	254	266	250	274	258	304	312	276	292	268	262	290	268	270	298	270	286	272	248	296	294	272	282	272	262	270	310	254	274	276	284	292	260	308	270	276	280	272	264	272	278	282	278	258	284	280	284	278	284	270	276	272	272	272	294	290	282	258	254	286	294	318	314	250	278	258	270	266	264	272	300	280	290	282	244	308	298	264	294
	278	268	292	298	258	262	268	280	264	268	264	284	256	268	280	278	294	258	280	286	280	268	254	272	256	282	270	274	280	266	250	264	248	260	246	300	302	264	276	256	256	288	268	262	296	254	278	272	244	282	284	270	276	260	256	264	290	244	270	268	278	284	256	292	268	274	274	262	262	268	266	274	268	250	280	274	276	268	278	264	272	268	268	268	288	276	272	254	244	282	282	304	312	240	268	256	258	258	256	268	294	272	284	270	244	302	292	262	288
	272	264	286	296	256	258	262	272	262	264	258	276	250	256	274	270	290	252	280	278	274	266	244	266	254	276	264	258	280	262	246	252	240	252	240	296	290	256	268	254	246	284	262	254	292	246	272	270	240	280	280	260	276	254	250	252	286	244	266	266	272	282	254	284	264	274	272	254	262	262	262	272	266	246	276	266	274	264	278	256	270	266	260	260	286	260	266	252	240	276	276	294	312	234	264	250	254	250	246	254	288	266	276	262	240	298	280	252	284
	270	260	274	292	252	252	258	268	262	256	252	274	244	246	262	264	286	250	272	276	272	264	242	266	248	274	254	258	278	260	244	250	238	250	236	294	288	254	264	250	244	274	258	250	288	244	268	260	236	268	276	250	274	246	248	248	282	244	260	264	268	280	250	278	264	272	270	250	258	262	260	268	260	242	270	264	272	258	272	254	262	264	256	260	282	254	264	248	238	272	276	290	310	232	256	248	254	244	242	252	282	264	268	258	240	296	270	246	278
	264	258	274	288	244	250	250	264	254	252	246	272	242	244	258	262	286	242	272	270	272	258	242	262	240	262	252	256	268	252	240	246	232	246	234	280	286	250	264	240	244	270	256	246	284	238	262	254	234	268	270	246	262	240	246	244	272	240	254	264	266	272	250	278	258	266	266	248	252	262	260	264	254	240	268	262	262	256	266	254	260	260	254	258	278	246	264	246	234	268	268	286	304	224	250	244	246	242	236	252	276	258	268	256	238	290	270	238	272
	258	254	266	282	244	248	244	260	250	250	244	264	238	242	254	258	278	238	272	262	272	258	238	260	238	258	244	256	262	250	238	236	224	244	234	272	276	246	264	240	244	268	254	242	278	224	262	250	230	264	262	240	260	236	242	238	266	240	246	258	260	270	246	276	252	264	264	246	242	252	258	260	246	238	264	256	258	254	266	248	260	256	254	254	268	244	260	240	230	264	258	284	302	218	244	238	244	240	236	250	276	250	264	256	230	282	266	236	270
	258	250	262	274	244	242	244	256	248	248	244	258	236	242	252	258	272	230	268	260	272	252	238	258	236	258	236	250	254	246	236	236	224	242	232	266	276	242	264	234	244	260	250	240	274	214	252	248	228	264	258	238	260	234	240	230	260	236	246	252	256	264	242	274	252	252	256	244	238	248	250	260	246	238	260	248	256	254	266	246	256	252	254	250	264	240	258	236	228	262	256	280	300	212	244	232	244	240	236	250	272	246	260	250	230	282	264	232	264
	256	246	258	264	242	240	242	252	242	240	244	256	236	242	250	258	272	224	266	256	270	250	236	256	234	254	232	248	250	244	234	236	224	240	232	264	270	242	260	230	244	256	244	238	272	212	246	248	226	258	248	238	254	234	232	226	256	232	244	250	256	264	240	266	252	250	256	240	226	242	246	256	240	232	258	248	246	250	260	246	252	246	250	246	258	240	254	234	226	262	252	276	300	210	244	230	240	238	236	248	270	242	256	242	230	278	258	228	258
	252	240	254	264	240	238	240	246	240	236	242	246	230	240	248	254	270	220	262	256	270	250	234	250	230	246	228	246	246	240	234	236	224	236	230	262	264	242	244	226	238	254	238	236	270	208	242	244	222	258	246	234	252	228	232	224	254	228	240	246	254	258	240	262	248	250	254	236	220	238	242	254	240	230	258	246	244	250	254	244	250	244	246	246	256	240	252	232	222	262	248	274	296	210	242	228	240	238	236	244	266	242	256	240	228	276	254	226	256
	246	238	254	258	240	234	240	238	240	232	240	244	228	240	244	250	266	214	256	256	266	248	232	248	224	244	228	242	244	234	234	236	224	234	230	258	256	234	232	214	236	252	234	230	270	206	242	244	218	256	242	232	250	222	230	216	254	226	238	244	252	254	240	256	242	246	246	236	218	234	238	252	238	230	252	244	240	246	248	242	246	242	246	244	246	234	252	230	220	262	248	272	292	208	238	224	234	238	230	240	262	240	256	240	226	276	250	226	248
	242	234	254	258	238	230	236	236	240	232	238	240	226	240	242	250	264	214	256	256	266	246	226	248	224	242	228	242	242	232	232	234	224	232	230	250	254	232	232	210	236	248	234	230	268	204	238	244	216	248	236	230	244	222	230	214	254	226	236	242	250	248	240	252	240	246	244	234	210	234	238	246	238	230	250	240	238	228	244	242	244	242	238	240	246	234	250	228	220	262	242	272	288	208	234	222	234	236	226	236	254	240	246	238	226	276	242	224	242
	240	234	252	256	234	230	230	232	238	232	234	234	222	236	240	246	264	214	254	250	266	244	218	244	222	240	222	240	240	228	232	232	222	228	228	250	254	232	230	210	236	244	230	230	266	202	236	242	216	246	236	228	244	222	228	206	254	226	230	242	246	248	236	252	240	240	242	232	208	228	236	244	238	228	242	238	234	224	244	240	234	238	234	238	246	234	246	226	220	262	240	270	286	204	230	220	232	236	226	236	250	240	244	238	226	274	240	224	236
	238	226	252	256	232	228	224	230	236	230	232	234	216	236	236	246	260	212	250	250	264	238	218	242	220	238	220	240	238	224	230	230	218	228	228	244	250	230	226	208	236	244	228	222	262	200	236	242	214	244	236	228	240	220	224	200	252	224	228	236	246	242	236	252	238	236	242	226	206	226	230	244	236	226	242	238	232	224	242	238	232	236	234	238	240	234	246	224	218	262	234	264	286	204	228	220	230	236	224	234	246	238	242	238	224	268	240	222	236
	236	222	252	256	228	228	222	228	236	230	232	232	214	234	234	238	256	210	250	250	264	236	218	240	218	236	220	240	238	220	230	230	218	228	228	240	250	226	222	208	234	242	226	222	262	196	236	240	214	238	232	226	238	218	222	194	250	224	228	234	246	242	234	252	236	236	242	218	202	226	228	240	234	222	238	238	232	224	238	234	232	236	230	236	238	234	244	222	218	260	234	262	284	200	226	220	224	234	222	234	246	236	238	234	220	264	240	222	232
	234	216	248	252	226	226	220	228	236	230	232	232	212	232	234	236	254	210	250	248	260	232	218	238	218	232	218	238	238	220	226	228	216	226	226	234	250	226	216	206	226	242	226	222	260	194	236	238	208	232	230	224	238	216	222	190	248	222	226	232	244	240	234	250	236	232	242	214	202	226	224	238	234	222	234	236	230	222	236	234	232	234	224	234	232	234	242	222	218	258	232	260	280	196	226	218	222	232	222	232	242	236	232	230	218	262	236	218	228
	234	212	248	252	226	224	216	226	232	230	230	230	208	232	234	232	254	208	246	246	258	228	216	236	216	230	216	236	236	218	224	228	216	226	224	232	250	226	210	206	224	242	226	220	256	188	236	234	208	230	230	222	228	216	218	188	248	222	224	228	242	236	234	246	234	232	240	212	200	220	222	236	232	222	232	234	230	222	232	234	230	234	222	234	232	232	242	218	218	258	228	258	268	196	226	218	222	232	220	232	240	236	232	224	216	262	234	214	226
	230	212	248	250	226	224	212	224	232	228	226	224	208	230	232	230	252	208	244	246	250	224	214	234	216	228	212	236	234	218	222	228	216	226	224	230	250	222	208	206	222	240	224	220	250	184	232	234	208	224	230	218	228	216	212	188	242	216	224	228	240	236	232	244	232	224	240	212	198	220	218	234	228	220	226	228	226	222	230	234	228	234	220	234	232	232	240	216	214	256	226	256	262	194	226	218	222	232	214	232	240	232	230	222	216	262	234	214	226
	226	210	242	244	226	224	210	222	232	226	226	224	206	230	232	228	250	206	242	246	246	220	214	230	216	226	212	236	232	218	222	228	216	226	222	228	248	222	200	204	222	236	224	218	248	180	232	234	206	222	230	214	228	214	210	188	240	214	224	224	240	236	230	242	232	224	238	210	196	218	212	234	228	216	226	224	226	220	230	230	228	234	220	234	226	230	240	214	214	250	226	256	262	192	222	218	220	232	210	230	238	232	230	220	216	258	234	212	220
	224	210	240	242	226	224	210	222	232	224	226	224	204	228	232	228	248	204	240	244	246	220	214	226	216	224	212	236	230	218	214	226	214	224	222	228	248	222	200	204	222	236	224	216	248	178	232	232	202	222	226	214	228	212	208	184	238	212	218	224	240	236	230	242	232	220	238	204	196	214	212	234	224	214	224	224	224	220	226	228	226	232	220	232	224	230	236	214	214	248	224	256	258	190	222	216	218	232	206	230	236	232	230	218	212	252	232	212	220
	224	210	240	242	224	220	208	220	232	224	226	222	198	228	230	228	248	204	232	242	246	216	212	226	216	220	212	232	230	218	212	222	210	220	222	226	248	220	200	204	222	236	222	214	248	178	232	228	200	216	224	212	228	210	206	184	238	206	214	224	236	234	228	240	230	216	238	204	192	214	210	232	224	210	222	224	222	220	224	228	226	230	218	232	222	226	236	212	214	248	224	256	258	190	222	214	218	232	202	230	234	232	230	214	208	252	232	212	218
	220	210	236	238	220	218	208	218	232	222	226	218	198	228	230	228	248	200	226	242	242	214	212	226	216	218	210	230	226	216	212	220	208	220	222	226	248	218	200	202	222	234	222	214	244	178	232	224	200	216	224	210	228	208	206	182	236	206	212	220	236	234	228	238	224	216	234	202	192	214	210	232	224	210	222	224	222	220	222	224	222	230	216	230	220	226	236	210	214	244	224	250	252	190	220	214	218	232	202	230	230	232	230	214	206	252	232	212	218
	220	210	232	234	220	218	208	216	232	220	224	218	198	228	230	226	244	198	222	242	242	206	208	226	216	218	208	230	222	216	208	218	206	218	222	224	248	216	192	202	220	232	222	212	238	178	230	218	196	216	222	210	226	208	206	182	232	206	212	220	236	228	228	238	222	216	234	200	188	212	210	230	224	208	218	218	222	220	222	222	220	228	216	228	220	224	236	210	210	244	222	250	250	190	220	214	216	228	200	230	228	230	230	214	206	252	230	212	218
	220	210	232	226	218	214	204	212	232	220	220	218	196	228	230	224	244	198	222	240	242	206	204	226	214	218	206	228	220	216	202	216	204	218	222	224	246	214	190	202	220	230	222	208	238	178	228	218	194	214	220	208	226	206	206	180	226	204	210	220	236	228	224	236	218	212	234	200	188	212	210	228	224	204	216	216	220	220	222	222	220	228	216	226	220	224	234	210	210	244	222	248	244	190	216	214	216	228	198	230	226	230	230	212	206	248	230	212	218
	220	210	228	226	218	214	198	210	230	218	218	216	194	228	230	220	242	194	222	240	240	204	204	226	214	218	206	228	220	216	198	214	202	218	218	224	244	212	190	202	218	230	222	206	238	176	226	218	192	214	216	206	226	206	206	178	224	202	210	220	234	224	224	234	218	212	230	200	186	212	208	226	224	204	212	214	220	218	220	222	220	228	214	226	218	222	232	210	210	244	216	246	244	190	216	214	216	224	198	228	226	230	230	212	204	248	228	210	218
	218	210	228	226	216	214	198	210	230	218	214	216	194	228	230	220	238	190	220	236	240	204	204	226	212	218	206	228	218	216	194	214	202	216	218	220	242	208	190	200	214	226	222	204	234	176	226	216	192	214	214	206	226	206	206	178	224	192	208	216	232	224	224	234	218	210	230	198	186	210	204	226	224	204	208	212	220	218	220	222	216	228	214	224	216	222	232	208	210	244	216	242	242	190	216	212	216	222	198	226	222	228	230	210	204	248	226	210	216
	214	210	228	222	216	214	196	210	228	218	214	216	194	228	230	220	238	188	218	236	240	204	204	218	212	218	206	226	218	214	188	214	200	216	214	220	240	208	188	196	214	226	220	204	234	176	222	214	192	212	212	206	222	206	204	178	220	190	206	216	232	224	224	234	214	208	230	198	186	208	204	226	224	204	208	210	220	218	220	222	216	228	214	224	216	220	232	208	210	244	216	240	242	188	214	212	216	220	196	226	220	228	230	210	204	248	226	210	216
	212	210	226	222	216	212	196	210	226	218	210	214	194	228	230	216	238	188	218	236	240	204	204	218	212	216	200	224	218	212	182	214	200	216	210	218	240	208	186	196	212	226	218	204	234	176	214	212	192	210	212	204	216	206	202	178	218	190	206	216	232	224	224	232	214	206	228	194	186	204	204	224	224	204	206	208	220	212	220	222	216	228	214	224	216	220	230	208	202	244	216	236	240	188	210	208	214	216	196	224	220	228	230	208	204	248	226	210	214
	212	210	226	220	216	212	194	210	226	216	206	214	192	228	228	214	238	188	218	230	238	202	204	218	208	216	200	222	218	212	178	210	198	212	206	214	240	208	186	196	212	226	216	204	234	174	214	210	192	208	210	202	214	206	202	174	218	186	204	214	232	222	220	232	214	206	226	194	186	204	204	224	224	204	206	208	220	212	220	220	216	228	214	224	214	218	230	208	200	244	216	234	240	186	210	206	214	216	194	224	218	226	230	206	204	248	226	210	214
	212	210	226	218	214	210	194	210	224	216	202	212	192	226	226	210	236	188	218	230	238	200	204	218	208	216	194	222	218	212	178	210	196	206	206	214	240	202	186	192	210	226	216	204	234	174	210	208	192	206	210	200	214	206	202	172	216	178	204	210	232	220	218	232	214	204	226	194	186	204	204	224	222	204	204	208	220	212	220	220	212	228	214	224	214	218	226	206	194	244	216	234	238	186	210	206	214	216	194	224	218	226	228	206	204	246	226	210	212
	212	208	226	218	214	206	194	210	222	214	202	212	192	226	224	210	236	184	216	230	238	200	204	218	208	214	190	222	218	210	178	208	196	204	206	214	240	198	186	192	208	226	216	202	234	174	210	208	192	206	210	196	214	206	200	170	214	178	200	210	232	220	218	230	214	202	226	194	186	200	204	222	220	204	204	206	220	212	220	218	210	228	212	224	214	214	226	206	192	244	214	234	236	186	210	206	214	212	194	222	216	226	228	206	204	244	226	210	212
	212	208	222	218	214	206	192	210	220	214	202	212	192	224	224	208	234	182	214	230	234	200	204	218	208	212	190	222	218	208	172	206	196	204	206	214	240	198	184	192	206	224	216	200	234	174	208	206	192	204	210	194	212	204	200	168	210	178	200	210	232	214	214	228	212	200	224	194	186	200	204	222	218	204	204	204	220	212	220	216	210	228	212	222	214	214	222	204	192	242	212	232	236	186	210	204	214	208	194	222	216	224	228	204	204	240	226	210	212
	212	206	220	218	214	206	190	210	218	214	202	212	192	222	218	206	234	178	212	230	234	198	204	216	208	212	190	222	216	208	172	198	192	202	206	212	238	198	184	190	206	224	216	198	234	172	208	206	190	204	210	192	212	204	200	168	210	176	198	206	232	214	212	226	212	200	222	192	180	198	200	222	218	204	204	204	220	212	220	216	210	226	210	222	212	210	222	204	192	240	210	230	232	184	208	204	212	208	190	218	212	224	228	204	200	240	226	210	212
	210	206	220	218	214	204	190	210	218	214	198	212	192	222	216	204	234	178	208	230	234	198	204	216	208	212	190	222	216	208	172	196	192	202	206	212	236	198	184	190	206	222	214	198	234	172	206	206	190	202	210	192	212	204	200	168	206	174	198	204	232	214	208	226	212	200	222	190	180	198	200	222	218	204	200	202	218	206	220	216	210	226	210	222	212	210	222	204	190	240	210	230	232	184	208	202	212	208	188	214	212	222	228	204	198	240	226	208	210
	210	202	220	218	214	204	188	210	216	214	198	212	192	222	216	202	234	176	208	230	234	198	204	214	208	212	190	220	216	208	170	196	192	202	206	212	234	198	184	190	206	222	212	198	234	172	206	206	190	202	210	192	212	202	200	168	204	174	198	200	232	212	208	226	208	200	222	190	180	198	200	222	218	204	198	202	218	206	220	216	210	226	210	222	212	210	220	202	188	240	210	230	232	184	208	202	212	202	186	214	212	220	228	204	196	236	226	208	210
	210	202	214	218	214	204	188	210	216	214	198	212	192	222	216	202	234	172	208	230	232	198	204	212	206	212	190	220	216	208	168	196	190	202	206	208	234	198	178	190	206	222	212	196	232	170	204	204	190	202	210	192	212	202	198	168	204	174	198	200	232	210	206	226	208	198	222	190	180	196	200	222	214	204	198	200	218	206	220	214	210	224	210	222	212	204	218	202	184	240	208	226	232	184	208	202	212	196	184	212	212	220	228	204	196	236	226	208	210
	208	202	212	218	214	204	188	210	216	214	198	212	192	222	216	202	234	170	206	226	232	198	204	210	206	210	188	220	216	208	166	194	188	202	204	206	234	198	178	190	200	220	212	196	232	170	204	204	190	202	210	192	212	202	198	168	204	170	196	200	230	210	206	226	208	198	220	190	180	194	200	222	214	200	198	200	212	204	220	214	208	224	210	222	210	204	218	200	180	238	208	226	232	184	208	200	212	196	180	210	212	220	228	204	196	236	226	208	208
	208	202	212	218	214	200	186	210	214	214	198	212	192	222	216	202	234	168	206	226	230	196	204	210	206	208	184	218	214	208	166	194	188	202	198	206	232	198	174	188	200	218	212	196	230	170	204	202	190	202	208	192	212	200	198	168	204	170	196	200	228	208	206	226	206	196	220	190	180	192	200	220	212	200	198	198	210	204	220	214	206	220	210	222	210	204	218	200	178	238	208	226	230	184	208	200	212	196	180	210	212	220	228	204	196	236	226	206	208
	208	200	212	218	214	200	186	208	214	214	198	212	192	220	216	200	234	168	206	226	228	194	204	210	204	208	184	218	212	208	166	194	188	202	198	206	232	198	172	188	200	218	212	196	226	170	204	202	190	202	208	192	212	200	196	166	204	170	196	200	226	206	204	224	206	196	220	190	180	192	200	220	212	200	198	196	210	204	218	214	206	220	210	222	208	204	218	200	178	234	208	224	226	184	208	200	212	196	178	208	208	218	228	204	194	236	226	206	204
	208	198	212	218	214	200	186	206	214	214	198	210	192	220	214	198	234	168	206	224	228	192	198	210	202	208	184	218	212	208	166	190	188	202	198	206	228	198	172	188	200	218	212	194	224	170	202	202	190	202	208	192	210	198	192	166	204	168	196	200	226	206	204	224	206	196	220	190	180	190	200	220	212	200	198	196	208	202	216	214	204	220	210	222	208	204	218	200	178	234	206	224	224	184	208	200	208	196	178	206	200	218	228	204	192	236	226	206	204
	208	198	210	218	214	200	186	204	214	214	198	208	192	220	212	198	234	166	202	224	226	188	196	210	202	208	184	218	212	208	166	190	184	202	198	206	228	198	172	188	198	218	210	194	218	168	202	200	188	200	206	192	210	196	190	164	204	168	196	198	226	206	204	222	206	192	220	190	180	190	200	220	212	200	198	196	206	202	216	214	204	220	210	220	208	200	216	200	176	234	206	222	222	184	208	200	208	196	178	202	200	216	228	204	192	234	226	206	204
	208	198	210	218	214	200	186	202	214	214	198	208	192	220	212	196	234	166	198	224	226	184	196	210	202	208	182	218	212	206	166	186	184	202	198	206	228	198	172	186	196	218	210	194	218	168	202	200	188	196	206	192	210	196	190	164	204	164	196	198	226	206	200	222	204	192	218	190	180	190	200	220	212	198	198	196	206	202	216	214	202	220	208	218	204	196	214	200	176	234	206	218	222	184	206	200	208	194	178	202	198	216	228	204	192	232	226	204	204
	208	198	210	218	214	200	186	202	214	214	196	208	192	220	212	194	234	164	198	224	226	184	196	210	202	208	182	218	212	204	166	186	184	202	198	206	226	198	172	186	196	216	210	194	212	168	202	196	186	196	206	192	210	196	188	164	204	164	196	196	224	206	200	222	204	192	218	190	180	188	200	220	212	196	198	196	206	200	216	214	202	220	208	218	204	196	214	200	174	234	206	216	222	184	204	200	208	194	178	202	196	216	228	204	192	232	226	204	204
	208	198	210	218	214	200	186	202	214	214	196	206	190	220	212	194	234	164	196	224	226	182	196	210	200	206	182	218	212	204	166	186	184	200	198	206	226	198	170	184	196	216	210	194	212	168	202	196	186	196	206	192	210	194	188	164	204	164	196	196	224	206	200	222	204	192	218	190	180	188	198	220	212	196	198	194	206	200	216	212	202	220	208	218	202	196	210	200	174	234	206	216	222	184	204	198	206	194	178	200	196	216	228	204	192	232	226	200	204
	208	198	210	218	214	200	186	200	214	214	196	206	190	220	212	194	234	162	194	224	224	180	196	210	200	204	182	218	212	204	164	186	184	200	198	202	224	198	170	184	196	216	210	194	208	168	200	196	186	196	206	192	210	190	188	164	204	164	196	192	224	206	198	222	202	190	218	190	180	184	196	220	212	196	198	194	206	200	216	212	202	220	208	218	202	196	208	200	174	232	206	216	222	184	202	198	206	194	178	198	196	214	228	204	190	232	226	198	202
	206	198	210	218	214	200	186	200	214	214	194	206	190	220	212	194	234	160	194	222	224	180	196	210	200	204	182	218	212	202	164	186	182	200	198	202	224	196	168	184	196	216	210	190	208	166	198	196	184	196	204	192	210	184	188	164	204	162	196	192	224	206	198	222	200	190	218	190	178	184	194	220	212	196	196	192	206	200	216	210	202	220	206	218	202	196	208	200	172	232	206	216	222	184	202	198	204	194	178	198	194	212	224	204	190	230	224	196	202
	204	198	210	218	214	200	184	198	214	214	192	206	190	220	208	194	234	160	194	222	222	180	196	210	200	204	182	218	208	202	162	184	180	200	198	200	224	196	168	184	196	216	210	190	206	166	198	196	184	196	204	192	210	184	188	164	204	162	196	192	224	206	194	218	198	190	218	190	176	182	194	220	212	196	196	192	206	198	216	210	202	220	206	218	200	196	208	200	172	232	206	216	222	182	202	198	204	194	178	198	192	212	224	202	190	228	224	196	202
	204	198	210	218	214	200	184	196	214	212	192	206	190	218	208	194	234	160	194	222	222	178	196	204	200	202	182	218	204	202	162	184	180	198	198	198	224	194	168	184	196	216	210	188	206	166	198	196	184	196	204	192	210	184	188	164	204	162	196	192	224	206	194	218	198	190	216	190	176	182	194	220	212	196	196	192	206	198	216	208	202	216	206	218	200	196	208	200	172	232	206	216	222	182	202	198	202	192	178	196	192	210	222	202	190	228	224	196	202
	204	198	206	218	214	200	184	196	214	212	192	206	190	218	208	194	234	160	194	220	222	178	194	200	200	198	182	218	204	202	160	184	180	198	198	198	224	194	168	184	194	216	210	188	204	166	198	194	184	196	202	190	208	184	188	164	204	162	196	192	222	204	194	218	198	190	216	190	176	182	194	220	212	196	194	192	204	198	214	208	202	214	206	216	198	196	208	200	172	232	206	216	222	182	200	198	202	190	178	194	192	210	222	202	190	228	224	196	202
	204	198	204	218	214	200	184	196	214	212	190	202	190	218	208	190	234	160	194	220	222	174	192	200	200	198	182	216	204	200	158	184	180	194	198	198	224	194	168	182	194	216	210	188	202	166	198	194	184	192	202	190	204	184	188	164	204	162	196	192	222	202	194	218	198	188	214	190	176	182	194	220	212	196	192	192	204	198	212	208	202	214	206	216	198	196	206	200	172	232	206	216	222	182	198	198	202	188	178	194	190	210	222	202	190	228	224	196	202
	204	198	200	218	214	200	184	196	214	212	190	202	190	218	208	190	234	160	192	220	222	172	190	200	200	198	182	216	204	200	158	184	180	194	198	196	224	194	168	182	194	216	210	188	202	166	198	194	184	192	202	190	204	184	186	164	202	162	196	192	220	202	192	218	196	186	212	190	176	182	194	220	212	196	192	192	204	198	212	208	202	214	204	216	198	196	206	200	172	232	206	216	222	182	198	198	202	188	178	194	190	210	222	202	190	228	224	194	202
	204	198	200	218	212	200	184	196	214	212	190	202	190	218	208	190	234	160	190	220	222	168	190	200	200	198	182	212	202	200	158	184	178	194	198	194	224	194	168	180	192	216	210	188	202	166	198	194	184	192	202	190	204	184	186	162	198	162	196	190	220	202	192	216	196	184	210	190	176	182	194	220	212	196	190	192	204	198	212	206	202	214	204	216	198	196	204	200	172	232	206	216	222	182	196	198	200	188	178	194	190	210	222	202	190	228	224	194	202
	204	198	200	218	212	198	184	196	214	212	190	200	190	218	208	190	234	160	190	220	222	168	190	200	200	196	182	212	202	200	156	184	178	194	198	194	224	194	168	180	192	216	210	188	202	166	196	194	184	192	202	190	202	184	186	162	196	162	196	190	220	202	192	216	196	184	210	190	176	182	194	220	212	196	190	190	204	198	212	204	202	212	202	216	198	196	202	200	172	232	206	216	222	182	196	198	200	188	178	192	190	208	222	200	190	228	224	192	200
	204	198	198	218	212	196	184	196	214	212	190	200	190	216	208	188	234	158	190	218	222	166	190	200	194	194	182	212	202	194	156	184	176	194	198	192	224	194	168	180	192	216	210	188	202	166	194	194	178	192	202	190	202	184	186	162	196	160	196	190	216	202	192	216	196	184	210	190	176	180	194	220	210	196	190	190	204	198	212	202	202	210	200	214	198	196	200	200	172	232	206	216	222	180	196	198	200	188	178	190	190	208	222	200	190	228	224	192	200
	204	198	198	218	212	196	184	196	214	212	190	200	190	214	206	188	234	158	190	218	220	166	190	198	194	194	182	212	200	194	156	184	176	194	198	190	224	192	168	180	192	216	210	188	202	164	194	194	178	192	202	190	202	182	186	162	196	160	196	190	216	202	192	216	196	184	210	190	176	180	194	220	210	196	190	190	204	198	212	202	202	210	200	214	198	196	198	200	172	232	206	216	222	180	196	198	200	188	176	190	190	208	222	200	190	226	222	192	200
	204	198	198	218	212	196	182	196	214	210	190	200	190	212	204	188	234	158	190	216	220	166	190	196	194	194	182	212	200	192	156	182	176	194	198	190	224	192	168	180	192	216	210	188	202	164	194	192	178	192	202	190	202	182	186	162	196	160	196	190	216	202	192	216	196	184	210	190	176	180	192	216	210	196	190	190	204	198	210	202	202	210	198	212	198	196	196	200	172	232	206	216	222	180	196	198	200	188	176	190	188	208	222	200	190	226	222	192	200
	204	198	196	218	212	196	180	196	214	210	188	200	190	212	204	188	234	158	188	212	220	166	190	196	194	194	182	212	200	192	156	180	176	194	198	188	222	192	168	180	192	214	210	188	202	164	194	192	178	192	200	190	202	182	186	162	196	160	196	188	216	202	192	216	196	182	210	190	176	180	190	216	210	196	190	190	204	198	210	202	202	210	198	210	198	194	196	198	172	228	206	216	222	180	194	198	198	188	176	190	186	208	222	200	190	226	222	192	200
	204	198	196	218	212	196	180	196	214	210	188	200	190	212	204	188	234	158	188	212	218	166	190	196	194	194	182	212	198	192	156	180	176	194	198	188	222	192	168	180	192	214	210	188	202	164	194	188	178	192	198	190	202	180	186	162	196	158	194	186	216	202	192	216	194	182	210	190	176	180	190	216	210	196	188	190	204	198	210	202	200	210	198	210	198	194	196	198	172	228	206	216	222	180	194	198	198	188	176	188	182	208	222	200	190	226	220	192	200
	202	198	196	218	212	196	180	196	214	210	188	200	190	212	202	186	234	158	188	212	218	164	190	196	194	194	182	212	198	192	156	178	176	194	196	188	220	192	168	180	192	212	210	188	202	164	194	188	178	192	198	190	202	178	186	162	196	156	194	186	216	202	190	212	194	180	208	190	174	178	190	216	210	196	188	190	204	196	210	202	200	210	198	210	198	194	194	198	170	228	204	216	222	180	194	198	198	186	176	186	182	208	218	200	190	224	220	192	200
	202	198	196	218	212	196	180	194	214	210	188	200	190	210	202	186	232	158	186	210	218	164	190	196	194	194	182	210	198	192	152	178	176	194	196	186	220	192	168	180	190	210	210	188	202	164	194	188	176	192	198	190	202	178	186	162	196	154	194	186	216	202	188	212	194	180	206	190	174	178	188	216	210	196	188	190	204	196	208	202	200	208	198	210	198	194	194	198	170	228	204	216	222	180	194	198	198	186	176	186	178	208	218	200	188	224	220	192	200
	200	198	196	218	212	196	180	194	214	210	188	200	190	210	202	186	230	158	186	210	218	164	190	196	194	194	180	206	198	192	152	178	176	194	196	186	220	192	168	180	190	210	210	188	202	164	194	188	176	192	198	188	200	176	186	160	196	154	194	186	216	202	188	212	192	180	206	190	174	178	186	216	210	194	188	190	204	196	208	202	200	206	198	210	198	194	192	198	170	228	204	216	222	180	194	198	198	186	176	186	178	208	218	198	188	224	220	192	200
	196	198	196	218	212	196	178	192	214	210	188	198	190	210	200	186	230	156	184	210	218	164	190	196	194	194	180	206	198	192	150	178	176	194	196	186	220	192	168	180	190	210	210	188	202	164	194	188	176	192	198	186	200	176	186	158	196	154	194	184	216	202	188	212	192	180	206	190	174	178	186	216	208	194	188	190	204	196	208	200	200	204	198	208	198	194	192	198	170	228	204	216	222	178	194	198	196	186	176	184	178	208	218	198	188	224	220	192	200
	194	196	196	216	212	196	178	192	214	210	186	198	190	210	200	184	230	156	182	210	218	162	190	196	192	194	180	206	198	192	150	178	174	194	196	186	220	192	168	178	190	210	210	188	202	164	194	188	176	192	198	184	200	176	184	156	196	154	192	182	214	202	188	212	192	176	206	190	174	178	186	216	208	194	188	190	204	196	208	198	198	204	196	208	198	188	192	198	168	228	204	216	222	178	194	198	196	186	176	184	178	208	218	198	188	224	220	192	198
	194	196	196	216	210	196	178	192	214	208	186	198	190	210	198	182	228	156	182	210	218	162	190	196	192	194	180	206	198	192	148	172	174	194	196	186	218	192	168	178	190	210	210	188	202	164	194	188	176	192	198	184	200	176	182	156	196	154	192	182	212	200	188	212	192	176	206	190	174	178	186	216	208	194	188	190	204	196	208	198	198	204	196	208	198	188	192	198	168	228	204	216	222	178	194	198	196	186	176	182	176	208	218	198	188	224	218	192	198
	194	194	196	216	210	196	178	192	214	208	186	198	190	210	198	182	228	156	182	210	214	162	190	196	192	194	180	204	198	192	148	172	172	194	196	186	218	192	166	178	190	210	210	188	202	164	194	188	176	192	198	184	200	176	182	156	196	154	192	182	212	196	188	212	192	176	206	190	174	178	186	214	208	190	188	190	204	196	208	198	198	204	196	208	198	188	192	198	168	228	204	214	222	178	194	198	196	186	176	182	176	206	218	198	188	224	218	192	198
	192	194	194	216	210	196	178	192	214	208	186	198	190	210	198	182	228	156	182	210	214	158	190	196	192	194	180	204	198	192	148	170	170	194	196	186	218	192	166	178	190	210	210	188	202	164	194	188	176	192	198	184	200	176	182	156	196	154	192	182	210	194	188	212	192	176	206	190	170	176	186	214	208	188	186	190	204	196	208	198	198	202	196	208	198	188	192	196	168	228	204	214	222	178	194	198	196	186	176	182	176	204	218	198	188	222	218	190	198
	192	192	194	216	210	196	178	192	214	208	186	198	190	208	198	178	228	156	182	210	214	158	190	196	192	194	180	204	198	192	148	170	170	192	196	184	218	192	164	178	190	210	210	188	202	164	194	188	176	192	198	184	200	174	182	156	196	154	192	180	210	194	186	212	188	176	206	190	170	176	186	214	208	188	186	190	204	196	206	198	198	202	196	208	196	186	192	192	168	228	204	210	220	176	194	198	196	186	176	182	176	202	218	198	188	222	218	190	198
	192	192	192	216	210	196	178	192	212	206	186	198	190	208	198	176	228	156	182	210	214	158	190	196	192	194	180	204	198	192	148	168	168	192	196	184	218	192	164	176	190	210	210	188	202	164	194	188	176	192	198	184	200	174	182	156	196	154	190	178	208	194	186	212	188	176	206	190	170	176	186	214	208	188	184	190	202	196	204	198	198	202	196	208	196	184	192	192	168	226	204	208	220	176	194	198	194	184	174	182	176	202	218	198	188	222	218	190	198
	190	192	192	216	210	196	178	190	210	206	186	198	190	208	198	176	226	156	182	210	214	158	190	196	192	194	180	202	198	192	148	168	168	192	196	184	218	192	164	172	190	210	210	188	202	164	194	188	176	192	198	184	200	172	182	156	196	154	188	178	208	194	184	210	186	176	206	190	170	176	186	214	208	188	184	190	202	196	204	198	198	202	196	208	196	184	192	192	168	226	204	208	220	176	194	198	194	184	174	182	176	202	218	196	188	222	218	190	198
	190	192	192	216	210	194	178	190	206	206	186	198	188	208	198	176	226	156	182	210	212	158	190	196	192	194	180	202	198	192	148	168	162	192	196	184	218	192	164	170	190	210	210	188	202	164	194	188	176	192	198	184	196	172	182	156	196	154	188	178	208	194	184	210	186	176	206	190	170	176	186	214	208	188	184	190	202	196	204	198	196	202	196	208	196	182	192	192	168	226	204	208	220	176	194	196	192	184	174	182	176	202	218	196	188	222	218	188	198
	190	192	192	216	210	194	178	190	206	206	186	198	184	208	198	176	226	154	182	210	212	158	190	196	190	194	180	202	198	192	148	168	160	192	196	184	218	192	164	170	190	210	210	188	202	162	194	188	176	192	198	184	194	172	182	156	196	154	188	178	208	194	182	210	186	176	206	190	170	176	186	214	208	188	182	190	202	196	204	198	196	202	196	208	196	182	192	192	168	226	204	208	220	176	194	196	192	184	174	182	176	202	218	196	188	222	218	188	198
	186	192	190	216	208	194	178	190	206	206	186	196	184	208	198	176	226	154	182	210	212	158	186	196	190	194	180	202	198	192	148	168	160	192	196	184	218	192	162	170	190	210	208	186	202	160	194	188	176	192	198	182	192	172	182	156	196	154	188	178	208	194	182	206	184	176	206	190	170	174	186	214	208	188	182	190	198	196	204	198	196	202	196	208	196	182	192	192	168	226	204	208	220	176	194	196	192	184	174	182	176	202	218	196	188	222	218	188	198
	178	192	188	214	208	194	178	190	206	206	186	196	184	208	194	176	226	154	182	210	212	158	186	196	190	194	180	202	198	192	148	168	160	192	194	184	218	192	162	170	190	210	208	186	202	160	194	186	176	192	194	182	192	172	182	156	196	154	188	178	208	194	180	202	184	176	206	190	170	174	184	214	208	188	182	190	198	196	204	198	196	200	196	208	196	182	192	192	168	226	204	208	220	176	192	196	192	184	174	180	176	202	218	196	186	222	218	188	198
	178	192	188	214	206	194	178	190	206	206	186	196	184	208	194	176	226	154	182	210	212	156	186	196	190	194	180	202	198	192	148	168	160	192	194	184	218	192	162	168	190	210	208	186	202	160	194	186	176	190	194	182	192	172	182	156	196	154	188	178	208	194	180	198	184	176	206	190	170	174	184	214	208	188	182	190	198	196	204	198	196	198	196	206	196	182	192	192	168	226	204	208	220	174	190	196	190	184	174	180	176	202	218	196	186	222	218	186	198
	178	192	186	214	204	194	178	190	206	206	186	196	184	208	192	176	226	152	182	210	212	156	186	194	190	194	180	202	198	192	148	168	160	192	194	184	218	192	162	168	190	210	208	186	202	160	194	186	174	190	194	182	192	172	182	156	196	154	188	178	208	194	180	196	184	176	206	190	170	174	184	214	208	188	182	190	198	196	202	198	196	196	196	206	196	182	192	192	168	226	204	208	220	174	190	196	188	184	174	180	176	202	218	194	186	222	218	186	198
	178	192	182	214	202	194	178	190	206	206	186	194	184	208	192	176	226	150	182	210	212	156	186	194	190	194	180	202	198	192	148	168	160	190	194	184	218	192	162	168	190	210	208	186	202	160	194	186	174	190	194	182	192	172	180	156	196	154	186	178	208	194	180	192	184	176	204	190	170	174	184	214	208	188	182	190	198	196	202	198	196	196	196	206	194	182	192	192	166	226	204	208	218	174	190	196	188	184	174	180	176	202	218	194	186	222	218	184	198
	178	192	182	214	202	194	178	188	206	206	186	194	184	206	192	176	226	150	182	208	210	156	184	194	186	194	180	200	196	192	148	168	160	190	194	184	218	192	162	168	190	210	206	186	202	158	194	186	174	188	190	182	190	172	180	156	196	154	186	178	208	194	180	192	182	176	204	190	170	174	184	212	208	188	182	190	198	196	202	198	196	194	196	206	194	182	192	192	166	226	204	206	218	174	190	196	182	184	174	180	176	202	218	194	186	222	218	184	198
	178	192	182	212	202	194	178	188	202	206	186	194	184	206	192	176	226	150	182	206	210	156	184	194	186	192	180	200	196	192	148	168	160	188	194	184	218	192	162	166	190	210	204	186	202	156	194	186	174	188	188	182	190	172	180	154	196	154	186	178	208	194	178	192	182	176	204	190	170	174	184	210	208	188	182	188	196	196	202	196	196	192	196	206	194	182	192	190	166	224	202	206	218	174	190	196	182	184	174	180	176	200	218	194	186	222	216	184	198
	178	192	182	210	202	194	178	188	200	206	186	194	184	200	192	176	226	150	182	206	210	156	184	194	186	192	180	200	196	192	148	168	160	188	194	184	218	190	162	164	190	208	204	186	202	156	194	186	174	188	188	182	190	172	178	154	196	154	186	178	208	194	178	192	182	176	204	190	170	174	184	210	208	188	182	188	196	196	200	196	196	192	196	206	194	180	192	186	166	224	202	204	216	174	190	196	182	184	174	180	174	200	218	194	186	222	216	184	198
	178	192	182	210	202	194	176	188	198	204	186	194	182	196	192	176	226	150	182	206	210	156	184	194	186	192	180	200	196	192	148	168	160	188	194	184	218	188	160	162	190	208	202	186	202	156	194	186	174	188	186	182	190	172	176	154	196	154	186	178	206	194	178	192	182	176	204	188	170	174	184	210	208	188	182	188	194	196	198	196	196	192	196	206	194	180	192	186	166	224	202	202	216	174	190	196	182	184	174	180	174	200	218	194	186	222	216	184	198
	178	192	182	210	202	194	176	188	198	204	186	194	182	196	192	176	226	150	182	206	210	156	184	194	186	192	180	200	196	192	148	168	158	188	194	184	218	188	160	162	190	208	202	186	202	156	194	186	174	188	186	182	190	172	176	154	196	154	186	178	206	194	178	192	182	176	204	188	170	174	182	210	208	188	182	188	194	196	198	196	196	192	192	206	192	178	192	186	166	222	202	200	216	174	190	196	180	184	174	178	174	198	218	194	186	222	216	184	198
	178	192	182	210	202	192	176	188	198	204	186	194	182	196	192	176	224	150	182	206	210	158	184	194	186	192	180	200	196	192	148	168	158	188	194	184	218	188	160	162	190	208	202	184	202	156	192	186	174	188	184	180	190	172	174	154	196	154	186	178	206	194	178	192	182	176	204	186	170	174	182	210	208	188	182	188	194	196	198	196	196	192	190	206	192	176	192	186	166	222	202	200	214	174	190	196	178	184	174	178	174	198	218	194	186	222	216	184	198
	178	192	180	210	202	192	176	188	198	202	186	194	182	196	192	176	224	150	178	206	210	156	184	194	186	190	180	200	196	192	148	168	156	188	192	184	218	188	160	160	190	208	202	184	200	156	192	186	174	188	184	178	190	172	174	154	196	154	186	178	206	194	178	192	182	176	204	186	170	174	182	210	208	188	182	188	194	196	198	196	196	190	190	206	192	176	192	186	166	222	200	200	214	174	190	196	178	184	174	178	174	196	218	194	186	222	216	184	198
	178	192	180	210	202	188	176	188	198	202	186	194	182	196	190	176	224	150	176	206	210	156	184	194	186	190	180	200	196	192	148	168	156	186	192	184	218	188	160	158	190	208	202	184	200	156	192	184	174	186	184	176	190	172	174	154	196	154	186	178	206	194	176	192	182	176	204	184	170	174	182	210	208	188	182	188	194	196	198	196	196	190	190	206	192	176	192	186	166	222	200	200	212	174	190	196	178	184	174	178	174	194	218	192	186	222	214	184	198
	178	192	180	210	202	188	176	188	198	200	184	194	182	196	190	176	224	148	176	206	210	156	184	194	186	190	180	200	196	192	148	168	156	184	192	184	218	188	158	154	190	208	202	184	198	156	192	184	174	186	182	176	190	170	174	154	196	154	186	178	206	194	176	192	182	176	202	184	170	174	182	210	208	188	182	186	194	196	198	196	196	188	190	204	192	176	192	186	166	222	200	200	212	174	190	196	178	184	174	178	174	192	218	192	184	222	214	184	198
	178	192	180	210	202	188	176	188	198	200	184	194	180	196	190	176	222	148	176	206	210	154	184	194	184	190	180	200	196	190	148	168	156	182	192	184	218	188	158	152	190	208	202	184	198	156	192	184	174	186	182	176	190	170	174	152	196	154	186	178	206	194	174	192	182	176	202	184	170	174	182	210	208	186	182	186	194	196	198	196	196	188	190	204	192	176	192	182	164	220	200	200	212	172	190	196	178	184	174	178	174	192	218	192	182	222	214	184	198
	178	192	180	210	202	188	176	188	198	200	184	194	180	196	190	176	222	148	176	206	210	152	184	194	184	190	180	198	192	188	148	168	154	182	192	184	218	188	158	152	188	208	202	184	198	156	192	182	172	184	182	176	190	170	174	152	196	154	186	178	206	194	174	192	182	176	202	184	170	174	180	210	208	186	182	186	194	196	198	196	194	188	186	204	192	176	192	182	164	218	200	200	212	170	190	196	178	184	174	178	174	192	218	190	182	222	214	184	198
	176	192	180	210	202	188	176	188	196	200	184	192	180	196	190	176	222	148	176	206	210	152	184	194	184	190	180	198	190	186	148	168	154	182	192	184	218	188	158	150	188	208	202	184	198	156	190	182	172	184	182	176	190	170	174	152	196	154	186	178	206	194	174	192	182	176	202	184	170	174	180	210	206	186	182	186	194	196	198	196	194	188	184	204	192	176	192	182	164	218	200	200	212	170	190	196	178	184	174	178	174	190	218	190	182	222	214	184	198
	176	192	180	210	202	188	176	188	196	200	184	192	180	196	190	176	222	148	176	206	210	152	184	194	184	190	180	198	188	186	148	168	152	182	192	184	218	188	158	148	188	208	202	182	198	156	188	182	172	184	182	176	190	170	174	152	196	152	186	176	206	194	174	192	182	176	202	184	170	174	180	210	206	186	182	186	194	196	198	196	194	186	184	204	192	176	192	182	164	218	200	200	212	170	190	196	178	184	172	178	174	190	218	190	182	222	214	184	198
	176	192	180	210	202	188	176	188	192	200	184	190	180	196	190	176	222	148	174	206	210	152	184	192	184	188	180	198	188	186	148	168	152	182	192	184	218	188	158	148	188	208	202	182	198	156	188	182	172	184	180	176	190	170	174	152	196	150	186	176	206	194	170	190	180	176	202	184	170	174	180	210	206	186	182	186	194	196	198	196	194	186	184	204	192	176	192	182	164	216	200	200	210	170	190	196	178	184	172	178	174	190	218	190	180	222	214	184	198
	176	192	178	210	202	188	176	188	192	198	184	190	180	196	190	176	222	148	174	206	210	154	184	192	184	188	180	198	188	186	148	168	152	182	192	184	218	186	158	148	188	208	202	182	198	156	188	182	170	184	180	176	190	170	174	152	196	150	186	176	206	194	170	190	180	174	202	184	170	174	180	210	202	186	182	186	194	196	198	196	194	186	184	204	192	176	192	182	164	216	200	200	210	170	190	196	178	184	172	178	174	190	218	190	178	222	212	184	198
