0	0	0	0	0	0	0	0	0	0	0	0	0	0	0	0	0	0	0	0	0	0	0	0	0	0	0	0	0	0	0	0	0	0	0	0	0	0	0	0	0	0	0	0	0	0	0	0	0	0	0	0	0	0	0	0	0	0	0	0	0	0	0	0	0	0	0	0	0	0	0	0	0	0	0	0	0	0	0	0	0	0	0	0	0	0	0	0	0	0	0	0	0	0	0	0	0	0	0	0	0	0	0	0	0	0	0	0	0
248	258	270	258	256	274	284	282	240	266	248	262	274	246	262	260	268	272	250	264	250	260	258	272	250	264	264	262	246	268	270	258	254	258	284	266	258	260	242	276	258	264	240	266	256	262	264	266	274	272	258	266	278	246	246	268	280	252	260	260	272	260	246	260	240	242	254	274	284	258	264	270	284	242	260	248	262	250	260	284	266	274	258	266	240	260	288	270	266	272	256	252	256	270	244	266	258	274	258	258	266	258	262	268	244	274	260	254	268
	234	238	248	246	246	260	266	272	230	246	232	254	260	238	250	252	248	248	234	246	240	246	248	254	226	246	252	252	240	240	254	242	238	244	246	260	246	250	228	250	248	248	234	252	236	240	238	250	248	260	244	248	260	226	238	252	256	238	238	244	258	240	230	246	232	236	228	258	276	238	244	246	258	226	248	234	250	234	236	268	250	252	232	240	230	236	278	254	248	254	248	234	240	250	234	236	238	244	238	252	244	244	238	238	226	252	252	244	254
	228	222	232	236	236	240	242	250	218	226	216	242	242	224	228	220	234	228	212	230	218	230	234	238	216	232	244	234	222	234	232	224	234	224	234	236	226	236	208	242	238	232	212	238	220	228	234	238	240	246	232	226	244	212	224	246	230	224	214	230	240	226	222	238	208	222	218	238	260	222	238	226	238	216	218	214	228	220	220	244	242	228	226	234	210	222	268	240	236	244	232	216	224	230	218	220	234	232	224	240	226	230	222	214	206	244	232	220	240
	218	212	216	222	220	226	224	242	204	216	208	218	228	206	220	200	212	218	204	214	204	214	220	222	194	220	224	216	208	224	216	204	222	210	212	220	212	222	198	226	222	218	192	222	212	214	214	232	222	228	216	210	224	204	212	226	210	206	198	222	218	208	206	224	200	200	206	222	240	212	226	216	224	212	202	196	214	202	200	220	224	216	216	224	202	210	242	224	210	226	208	208	210	216	208	210	220	216	214	224	206	224	200	200	196	230	204	214	210
	206	204	200	206	204	204	200	230	178	208	190	206	214	196	210	190	200	194	200	200	198	202	208	198	184	198	212	200	200	216	200	194	212	198	192	210	200	208	190	208	206	200	188	210	200	202	198	212	206	212	200	198	212	190	202	202	200	188	184	204	204	194	190	210	188	188	190	202	222	204	212	202	212	196	196	186	206	196	188	206	214	208	204	208	190	194	232	206	196	214	198	192	196	198	190	190	204	210	196	206	192	208	192	188	190	218	194	206	198
	196	192	184	198	194	194	186	212	172	190	180	184	204	188	196	182	194	190	188	184	192	188	200	192	174	192	200	192	190	194	186	186	200	188	180	202	188	198	182	204	188	186	178	200	186	192	192	200	198	198	190	182	196	180	192	198	190	184	170	196	196	192	180	198	180	176	174	184	210	198	190	192	196	188	180	178	190	188	178	190	206	192	186	196	190	188	222	190	192	202	190	188	190	190	180	182	188	200	188	190	180	204	186	178	186	206	186	192	182
	188	180	178	192	180	186	178	198	164	174	170	180	196	182	188	172	184	186	182	168	182	174	190	176	168	182	192	182	180	190	178	182	190	186	170	196	182	186	174	190	180	184	170	188	178	186	176	188	190	192	174	174	188	166	176	184	178	176	164	188	180	190	176	190	180	162	164	174	200	184	178	176	194	178	172	168	176	184	172	184	196	174	170	188	180	178	206	182	178	196	186	182	184	184	174	174	180	196	174	182	172	192	180	168	182	198	176	178	176
	182	172	166	184	170	182	172	188	156	170	168	166	188	180	184	164	176	174	178	154	174	166	180	172	158	170	184	174	176	174	174	168	190	178	168	192	174	182	170	190	172	180	162	182	174	184	168	180	184	190	172	168	174	160	172	176	176	174	158	180	180	184	168	176	174	156	160	170	192	184	178	174	182	174	164	160	174	176	168	182	186	166	162	182	170	174	200	176	168	192	178	174	178	184	162	162	172	188	166	178	170	182	172	162	174	190	172	172	172
	180	168	156	180	168	174	164	184	148	166	164	162	184	172	182	160	174	172	174	150	170	160	170	164	156	166	180	170	170	170	168	158	188	168	162	190	168	178	168	182	166	174	156	178	164	180	160	172	182	182	168	162	168	158	164	168	166	172	156	176	176	174	166	170	166	156	154	164	178	178	170	170	176	172	158	154	166	170	158	180	176	162	160	178	168	166	190	166	166	182	164	170	172	176	160	154	170	178	164	174	164	168	166	152	170	180	166	166	168
	174	164	152	176	166	162	160	176	142	162	154	156	180	164	176	160	168	170	174	146	164	154	164	152	152	160	172	160	160	164	160	158	182	160	162	188	164	174	164	172	158	166	152	168	156	176	160	168	172	174	162	158	166	154	162	160	158	168	154	172	168	170	164	168	166	154	148	148	172	174	154	170	172	170	148	146	162	166	152	168	164	156	158	170	166	162	180	164	166	174	160	164	166	176	158	144	168	170	158	172	162	158	158	150	164	176	160	156	160
	170	154	148	170	160	160	158	170	138	162	148	156	174	158	176	156	164	166	168	142	156	150	158	146	144	158	166	158	158	154	156	152	176	158	160	182	158	164	156	168	152	162	150	168	154	176	154	162	166	170	156	154	164	152	162	150	154	168	150	168	164	166	156	158	162	152	146	142	162	168	152	166	172	164	146	140	158	160	146	162	156	156	156	164	164	158	176	162	158	168	154	160	162	170	152	142	166	168	154	170	158	156	154	146	160	166	156	152	156
	168	154	142	168	154	158	152	168	138	156	146	150	166	156	174	152	156	164	164	142	154	146	154	142	134	154	162	154	154	154	150	150	158	154	160	176	156	152	154	160	152	158	150	166	152	174	150	156	160	166	150	148	152	150	160	146	154	164	146	162	158	164	150	156	158	152	144	142	156	160	150	160	166	160	144	132	154	150	144	154	146	154	150	164	162	154	172	160	154	164	154	154	154	170	148	140	162	168	150	168	152	154	150	146	154	160	152	150	154
	166	150	140	162	152	154	150	162	138	152	144	146	158	156	170	152	156	160	156	140	150	142	150	138	132	150	154	152	150	154	142	148	158	150	156	172	152	148	150	154	150	156	148	164	152	172	148	152	156	164	148	140	150	146	156	144	146	162	140	162	154	162	144	152	156	148	142	140	148	154	148	158	160	158	140	124	152	146	142	152	142	152	148	160	158	152	170	156	150	162	146	150	152	160	146	136	162	164	148	164	148	150	148	144	154	158	150	148	146
	160	142	140	162	148	152	142	154	136	150	140	144	150	154	164	150	154	152	154	140	144	138	148	134	130	150	150	146	148	152	134	146	156	148	156	172	146	148	150	150	150	148	138	156	148	170	142	146	152	160	146	136	146	146	156	140	142	162	140	160	152	150	144	150	154	146	142	138	144	150	138	154	156	152	140	122	146	140	138	152	142	148	148	160	154	150	160	152	148	160	140	150	150	158	142	136	162	160	148	164	146	146	146	138	148	150	146	146	144
	156	142	140	158	148	146	142	150	132	144	138	142	148	152	156	146	150	146	154	140	144	132	146	132	126	148	146	136	146	150	130	146	156	144	154	168	146	148	146	146	148	144	136	152	144	164	140	142	146	158	140	132	142	142	154	140	138	156	136	156	146	148	142	148	148	146	136	136	142	148	138	144	150	146	136	122	140	140	136	148	134	148	144	156	144	140	152	146	144	154	140	150	148	152	142	134	162	156	142	158	138	144	146	138	148	144	142	134	136
	154	140	134	156	148	144	140	146	132	144	136	140	148	144	152	144	148	142	152	140	140	132	146	130	124	146	146	136	144	146	130	146	152	142	152	166	146	144	142	140	146	136	134	146	142	160	138	142	144	158	134	132	142	142	154	138	138	156	130	154	142	144	138	146	144	142	132	134	142	148	136	142	142	142	134	122	138	134	136	144	134	146	134	152	140	134	148	146	136	154	140	148	148	150	140	132	160	154	142	154	136	144	144	136	146	138	134	132	126
	148	138	130	156	148	144	138	144	132	138	136	138	146	142	150	144	144	140	146	140	136	130	146	128	122	146	144	136	142	144	130	142	148	134	150	164	146	142	142	136	142	134	130	142	142	154	134	140	140	150	132	130	138	140	154	136	134	156	126	148	140	142	136	144	142	140	130	132	140	142	134	138	142	140	132	122	136	132	136	144	128	144	132	144	136	132	144	146	136	154	138	146	148	150	140	130	156	144	138	154	136	138	142	136	140	136	134	132	122
	146	132	128	156	148	144	134	138	130	138	136	138	146	140	148	142	142	138	138	136	132	126	144	126	120	144	140	134	140	144	130	136	144	130	146	160	140	142	142	132	136	134	128	140	142	152	134	138	136	148	130	130	136	138	152	136	132	152	124	148	136	140	136	144	138	138	128	132	140	142	134	136	142	138	130	118	132	132	134	140	126	142	130	142	130	128	144	140	136	146	138	142	144	150	138	130	156	136	136	154	136	136	142	134	136	136	132	126	122
	140	128	126	154	146	142	132	130	130	134	130	138	140	134	144	138	142	132	136	136	130	126	144	126	118	142	138	132	138	142	126	134	142	128	146	160	140	142	142	130	134	134	124	130	140	150	132	136	134	146	130	130	136	138	152	134	128	148	122	142	134	140	136	144	136	136	128	132	140	138	132	136	138	138	128	118	132	132	132	138	118	134	126	140	124	126	136	138	134	146	138	142	142	146	138	128	154	132	132	150	134	136	138	134	134	132	132	126	118
	138	124	124	152	146	142	130	128	128	130	130	138	138	132	142	134	142	128	134	134	128	126	142	124	114	138	138	130	136	140	120	134	132	126	138	156	134	140	142	126	126	134	120	128	140	146	130	136	134	146	130	128	132	132	148	134	126	148	118	138	134	140	134	142	134	132	128	130	136	138	124	134	138	138	126	118	132	130	132	134	118	132	122	138	124	124	134	136	134	142	136	142	142	140	134	128	154	128	132	150	130	132	138	130	134	130	130	122	116
	136	120	124	146	146	140	128	128	128	130	130	138	138	128	138	132	140	124	130	128	128	124	142	120	114	136	138	128	132	140	118	128	130	126	138	156	134	138	142	126	124	134	116	128	138	144	130	134	130	146	126	128	132	130	144	134	126	144	118	132	134	134	132	140	134	130	128	126	134	136	124	134	138	138	122	118	132	128	132	128	118	130	122	134	124	122	130	134	134	138	132	138	140	138	132	126	152	128	130	148	126	130	136	128	132	126	128	122	116
	136	116	118	144	144	140	128	126	128	128	128	136	138	126	132	132	140	122	130	124	124	122	140	118	112	130	134	126	132	138	118	128	128	126	138	154	132	134	140	124	124	132	116	126	138	142	128	132	128	142	122	124	130	126	144	132	126	142	116	130	132	134	130	138	130	130	126	120	132	134	124	134	138	136	120	118	132	128	132	126	116	128	120	132	124	120	130	132	132	138	130	136	140	136	130	126	148	126	128	146	118	128	128	126	130	122	126	120	116
	136	116	118	144	142	140	126	126	128	126	126	136	138	120	128	132	138	122	130	122	122	120	136	118	112	130	134	126	128	138	118	128	126	126	138	152	130	134	138	124	124	132	114	126	136	142	128	132	126	138	120	124	126	126	144	128	122	142	116	128	130	134	130	138	128	124	124	120	130	132	120	134	134	136	118	116	130	122	132	126	114	122	120	132	122	118	130	132	130	138	130	136	140	134	130	124	148	126	128	142	118	128	128	124	128	118	126	118	116
	136	116	116	144	138	138	126	126	128	126	126	136	136	120	128	130	138	120	128	118	116	120	136	118	112	130	132	124	124	136	118	128	120	126	138	150	128	134	136	124	124	132	114	120	134	140	128	128	124	138	120	124	122	126	142	126	122	140	116	126	128	134	128	136	126	122	124	118	128	132	118	134	132	136	118	116	124	120	128	124	112	122	118	128	120	114	128	132	130	136	128	134	140	130	130	124	146	126	124	140	114	126	122	124	128	118	124	118	114
	136	116	114	142	136	136	124	126	128	126	124	136	132	118	126	130	136	118	128	112	116	118	136	116	108	126	128	124	122	134	118	128	118	126	134	150	128	134	130	122	122	132	112	120	130	140	128	126	124	134	118	124	122	126	140	122	120	138	116	126	126	134	126	134	126	122	120	116	128	130	118	132	128	134	118	116	120	118	128	122	112	122	116	122	120	114	126	132	128	136	128	132	138	128	126	120	142	126	118	136	112	124	114	122	126	116	124	114	114
	134	114	112	140	134	134	124	122	128	120	122	136	132	116	124	126	136	114	128	112	116	118	134	116	106	126	128	118	116	134	116	124	118	126	132	148	128	134	124	122	118	132	110	118	126	140	124	126	124	132	116	120	120	122	138	122	118	138	114	124	120	132	126	130	124	120	118	114	124	128	118	132	128	134	118	116	114	118	128	122	108	122	116	118	120	112	126	132	128	134	124	126	136	128	126	120	140	126	118	136	112	122	114	122	126	116	124	114	110
	132	108	110	138	134	128	124	122	126	120	122	134	130	114	124	126	136	112	128	112	116	118	132	116	106	126	128	118	116	134	116	122	118	126	132	146	128	132	118	122	114	130	108	116	122	140	124	124	122	130	116	120	116	122	138	122	116	138	114	122	120	132	122	130	122	118	116	114	124	126	116	132	128	132	118	116	114	118	126	120	108	120	116	118	120	110	126	130	128	132	124	124	132	128	126	118	138	126	116	134	112	122	114	118	124	116	124	114	108
	132	106	110	134	134	124	122	120	126	118	118	134	128	114	124	126	134	110	126	112	114	114	128	116	106	124	128	118	114	132	116	122	118	124	130	144	128	132	118	122	114	130	108	116	122	138	124	122	122	130	114	118	116	120	138	120	114	136	114	122	116	130	120	130	120	118	114	114	124	126	116	132	128	126	116	116	114	116	126	120	108	118	116	114	120	110	126	130	128	132	122	124	130	126	126	118	138	124	112	134	112	122	110	118	124	114	124	114	108
	132	106	110	132	132	124	122	120	126	118	114	134	128	114	120	126	132	110	126	112	114	114	126	114	106	122	126	116	112	132	116	122	116	124	130	142	126	132	118	120	114	130	108	116	120	138	122	122	120	130	114	114	116	120	138	120	114	134	114	122	114	128	120	128	120	118	114	114	122	124	116	132	128	124	114	116	114	116	126	116	108	116	116	114	120	106	126	130	128	132	122	124	126	124	126	118	138	124	112	132	110	122	110	116	124	114	124	114	108
	132	104	110	132	128	124	120	118	126	118	114	132	126	114	120	126	132	108	126	112	112	112	126	114	102	120	124	116	106	132	116	122	114	124	130	142	126	132	118	120	114	130	106	116	118	136	122	120	116	130	114	114	114	120	138	118	114	134	114	122	112	128	120	128	120	116	114	114	116	124	114	132	128	122	112	114	114	114	122	116	108	116	116	112	120	106	126	128	126	128	120	124	126	124	124	116	136	122	112	130	110	122	110	116	124	114	122	114	108
	132	104	110	130	124	124	120	116	126	118	114	130	124	114	118	126	132	108	126	112	112	112	126	114	102	118	122	114	106	130	116	122	112	124	128	142	126	126	118	118	114	128	106	114	118	136	122	120	114	128	112	112	110	120	138	116	112	134	114	120	110	124	120	128	118	114	114	112	116	118	114	128	128	122	112	112	114	114	118	116	106	116	116	112	118	106	126	128	124	128	120	122	126	124	124	116	134	122	108	130	110	120	110	116	124	112	120	114	106
	132	102	108	128	120	122	120	116	126	114	112	130	118	114	116	126	130	108	126	112	110	112	126	112	102	118	122	114	106	124	116	118	110	124	126	140	122	126	116	114	114	126	106	110	116	134	120	116	114	124	112	112	108	116	136	114	112	128	112	120	110	124	118	126	118	112	112	112	114	118	114	128	126	122	110	108	112	114	116	116	106	114	116	112	118	106	126	128	120	128	120	122	126	124	124	114	132	120	106	128	110	118	108	114	124	112	116	114	104
	132	102	108	126	116	122	120	114	126	114	112	130	118	114	114	126	128	108	126	112	110	112	126	108	100	114	122	114	106	122	112	118	110	124	122	140	122	122	114	114	114	126	106	110	114	134	118	114	108	124	112	112	108	116	132	112	112	128	112	120	108	124	118	120	118	112	110	112	114	118	114	128	124	122	110	108	112	114	114	116	106	114	116	112	118	104	126	126	118	126	118	118	124	118	120	114	130	120	106	128	110	118	108	114	124	112	116	114	100
	132	102	108	122	116	122	120	112	126	114	112	130	118	114	112	124	128	108	126	112	110	112	126	108	100	114	122	114	106	122	110	118	108	124	122	136	122	122	114	114	110	118	106	108	112	134	118	114	104	124	112	112	106	116	132	110	112	124	110	118	108	124	118	118	116	110	110	110	112	116	114	128	120	122	110	106	112	114	114	112	106	114	116	112	118	104	126	126	116	122	116	118	122	118	118	114	128	120	106	128	110	118	108	110	124	112	114	114	98
	132	102	104	120	114	122	118	108	124	114	110	128	118	114	112	122	128	108	126	112	110	112	122	108	100	114	122	114	106	116	110	118	106	124	122	136	122	120	112	114	110	118	106	108	112	134	118	112	100	124	110	112	106	114	132	110	112	122	110	118	108	120	118	114	116	108	110	108	106	116	114	128	118	120	110	106	112	114	114	112	106	114	116	112	118	104	126	126	114	122	116	118	120	118	118	114	122	116	106	126	110	118	104	110	122	112	114	114	98
	132	100	104	120	114	120	118	108	124	114	108	128	116	114	110	122	128	106	124	112	110	112	122	108	100	110	120	114	106	116	108	118	106	124	120	136	122	120	112	114	110	118	106	108	112	132	118	112	100	120	110	110	106	114	132	108	112	118	110	118	106	118	118	114	110	108	110	108	106	116	114	126	110	120	110	106	110	114	114	112	106	114	116	112	118	104	124	126	114	122	116	116	120	116	118	114	122	116	104	126	110	116	104	110	122	112	112	110	98
	132	98	104	118	114	118	118	106	124	114	108	126	114	112	110	120	128	104	124	112	108	112	120	108	100	110	120	114	106	116	108	116	106	120	114	130	122	120	112	114	110	116	106	104	112	126	118	112	96	120	108	110	106	114	130	106	112	110	110	116	106	118	118	114	110	106	110	108	106	116	114	124	108	118	110	106	110	114	114	112	106	114	116	112	118	104	124	126	114	122	116	116	120	114	118	114	120	116	102	124	110	116	104	110	120	112	112	110	98
	132	98	104	118	114	118	118	106	124	114	104	124	112	112	110	120	128	104	124	112	108	112	118	106	100	108	118	114	106	114	108	114	106	120	114	130	122	120	112	114	110	116	104	104	108	126	118	112	96	120	108	110	106	114	130	104	110	110	110	116	104	116	118	114	110	106	110	108	106	114	114	124	108	118	108	106	108	112	114	112	106	112	112	106	118	104	122	126	114	120	116	116	120	114	116	112	120	114	102	122	110	116	102	110	120	112	108	106	98
	132	98	104	118	114	118	118	104	124	112	104	122	112	110	108	116	126	100	124	110	108	112	118	106	100	108	118	114	106	112	108	114	106	118	114	130	122	120	110	114	110	116	104	104	108	126	118	112	94	120	108	110	106	106	124	104	110	110	110	112	104	114	118	114	110	104	110	108	106	114	114	124	108	116	106	106	108	112	114	112	104	112	112	104	118	104	122	126	114	118	114	112	116	112	114	112	120	114	102	122	110	114	100	110	120	110	106	106	92
	130	98	104	116	114	118	116	104	124	110	104	122	112	108	104	116	124	100	124	110	108	112	118	102	98	108	116	114	106	112	106	114	106	118	114	128	122	120	108	114	110	116	104	104	108	124	118	112	94	118	108	108	104	106	124	102	110	110	110	110	102	110	118	114	110	100	110	108	104	114	114	122	108	116	106	106	108	112	114	110	104	112	112	100	118	102	122	124	114	114	114	110	114	112	114	112	118	114	102	122	110	112	98	110	118	110	104	106	90
	130	98	104	114	114	118	116	104	124	106	104	118	112	106	102	116	124	98	122	110	108	112	118	102	96	106	116	112	106	108	106	114	106	118	114	126	120	120	108	114	110	116	104	104	108	124	118	110	94	114	108	106	104	106	124	102	110	108	108	110	102	110	118	114	110	100	110	108	104	114	112	120	108	116	104	106	108	112	114	108	102	110	110	96	118	102	122	124	114	114	110	110	112	112	110	110	116	114	102	122	110	112	98	108	118	110	104	106	90
	130	98	104	114	114	116	116	102	124	106	104	118	112	106	102	116	124	96	122	110	108	112	118	102	94	106	116	112	106	108	106	114	106	116	114	126	120	120	108	114	110	116	104	102	108	124	118	110	94	114	108	104	104	106	124	102	110	108	108	110	102	110	118	114	110	100	110	108	104	112	110	118	108	116	104	106	108	112	114	108	102	110	110	96	116	102	122	122	114	114	110	106	110	110	110	110	114	112	102	120	110	112	98	108	118	110	104	106	90
	128	98	100	114	114	116	114	102	124	106	102	118	112	106	102	116	122	94	120	106	108	112	116	102	94	106	116	112	106	108	104	114	106	116	112	126	120	120	108	114	110	116	104	102	102	122	114	108	92	114	108	104	104	102	124	102	110	108	108	108	102	110	118	114	110	98	110	108	104	112	110	118	106	116	102	106	106	112	114	108	102	110	110	90	116	102	122	122	114	114	108	102	110	108	108	110	112	112	102	120	110	112	98	108	114	110	98	104	90
	128	96	98	112	114	112	114	102	124	104	102	118	112	106	102	116	122	94	120	106	108	112	114	102	94	106	116	112	104	106	104	114	106	116	112	126	120	120	108	112	110	116	104	100	102	122	112	108	92	114	108	98	102	100	124	102	110	108	106	106	100	110	116	114	110	96	110	108	100	110	110	118	106	116	102	106	106	112	114	108	102	108	110	90	116	102	122	122	112	112	104	102	110	106	108	110	112	112	100	120	108	112	98	108	114	110	98	104	90
	126	94	98	110	112	112	112	102	124	102	102	118	110	106	100	116	122	92	120	102	106	110	114	102	94	106	116	112	104	106	104	114	106	114	112	124	120	120	108	112	110	116	102	100	100	122	112	108	92	114	108	98	100	100	124	100	106	108	106	106	98	110	114	112	110	94	110	108	98	110	108	116	106	116	102	106	106	112	114	106	102	108	108	90	116	102	120	120	112	110	104	100	110	104	108	108	110	112	98	118	108	112	98	108	114	110	98	104	90
	126	94	98	110	112	112	110	102	124	102	102	118	110	106	100	116	122	90	120	102	106	110	112	102	94	106	116	112	104	106	104	114	104	114	108	124	118	120	106	112	108	116	102	100	100	122	108	108	90	114	108	98	100	98	122	100	106	108	106	106	94	110	114	112	110	94	110	108	98	108	108	114	106	116	100	106	106	112	114	104	102	108	106	88	116	102	120	120	112	108	104	98	110	104	108	108	110	112	98	118	108	112	98	108	110	110	96	104	90
	126	92	98	110	112	112	110	102	124	100	102	116	110	106	98	116	122	88	120	98	106	108	112	100	94	106	116	112	104	106	102	112	104	114	108	122	118	120	100	112	108	116	102	96	100	122	106	106	88	114	108	96	100	98	120	98	106	108	106	104	94	108	114	112	110	94	110	108	98	108	108	114	104	114	100	104	104	112	114	104	102	108	106	88	116	102	120	120	110	108	104	96	110	104	106	108	110	112	98	118	108	112	98	108	110	110	96	104	90
	126	90	98	110	112	110	110	102	124	100	98	116	110	106	98	116	118	88	118	94	106	108	112	100	94	106	116	112	104	106	102	112	104	114	108	122	118	120	100	112	108	116	102	96	98	122	106	106	88	114	108	96	100	96	120	98	106	106	106	104	94	108	114	112	110	94	108	108	98	104	106	114	104	112	100	102	104	112	114	104	102	108	106	88	116	102	120	118	110	108	104	96	110	102	106	104	110	112	98	118	108	112	98	106	108	110	96	104	90
	126	90	98	108	112	110	110	102	124	100	98	116	110	106	98	116	118	88	118	92	106	108	110	100	92	106	116	112	102	106	100	112	104	114	108	122	118	120	100	106	106	116	102	96	98	120	106	106	88	114	108	96	100	96	116	98	106	106	106	102	94	108	114	112	110	92	108	108	94	104	106	112	104	108	100	102	102	112	112	104	102	108	106	88	114	102	120	118	108	108	102	96	110	102	106	102	110	112	98	118	106	112	98	106	108	110	96	102	90
	126	88	98	108	112	108	110	102	124	100	98	114	110	106	98	116	118	88	118	92	106	106	110	100	92	106	116	112	102	106	100	110	102	114	108	122	118	120	100	106	106	116	100	96	98	120	106	106	88	114	108	96	100	96	116	98	106	106	102	102	92	106	114	110	110	90	108	108	94	104	106	112	104	108	100	102	102	112	112	104	100	108	106	88	112	102	120	118	108	106	102	96	110	100	106	102	110	112	98	118	106	110	98	106	108	110	96	102	90
	126	88	98	108	112	108	110	102	122	100	96	112	108	100	96	116	118	84	118	92	106	106	108	100	90	106	116	112	100	104	100	108	102	114	108	122	118	120	98	106	106	116	98	96	96	120	106	106	88	114	108	96	100	96	116	96	106	106	100	100	92	104	112	110	108	90	108	108	90	102	106	112	104	108	98	102	102	110	112	104	100	108	106	88	112	100	120	116	108	106	102	96	110	100	106	102	108	112	98	118	106	110	98	106	106	110	96	102	90
	122	88	98	108	112	108	110	100	122	100	94	112	108	98	94	116	118	82	118	92	104	106	108	100	90	106	116	112	100	102	100	108	102	114	108	120	114	120	98	104	106	114	96	94	96	120	104	106	88	114	108	96	100	96	116	96	106	106	100	100	90	102	110	108	108	88	108	108	88	100	106	112	102	108	98	102	102	110	112	104	100	106	106	86	112	100	120	116	108	106	102	96	110	100	106	102	108	112	96	118	106	110	96	104	106	110	94	100	90
	122	88	96	106	112	108	110	94	122	100	94	110	108	98	94	116	118	82	118	92	104	104	106	100	90	106	116	112	100	102	100	108	100	114	108	120	114	120	98	102	106	114	96	94	96	120	104	106	88	114	108	96	100	96	116	96	106	106	100	100	90	102	110	106	108	88	108	108	88	94	104	112	102	108	96	100	102	110	112	100	100	106	106	86	112	100	120	116	108	106	100	96	110	100	106	102	108	112	96	116	106	110	96	104	106	110	94	100	90
	120	88	96	106	112	108	110	94	122	100	94	110	108	98	94	116	116	82	118	92	104	104	106	100	90	106	116	112	100	102	100	108	100	114	108	120	114	120	98	102	106	114	96	94	94	120	104	106	88	114	108	96	100	94	114	96	106	106	100	100	90	102	110	106	108	88	108	108	88	94	104	110	98	108	96	100	102	110	112	100	98	104	106	86	112	98	120	116	108	102	100	94	110	100	106	102	108	112	96	116	106	110	96	104	104	110	94	98	90
	118	88	96	106	112	108	110	94	122	100	92	110	108	98	94	116	114	82	118	92	102	104	106	100	90	106	116	112	100	102	98	106	98	114	108	120	114	120	96	102	106	114	96	88	94	120	104	106	88	114	108	96	100	92	112	96	104	102	100	100	90	102	106	104	108	88	108	106	88	94	102	106	96	108	96	100	100	110	112	100	98	102	106	84	112	98	120	116	108	102	100	94	110	100	106	102	106	112	96	116	106	110	96	104	104	108	94	96	90
	118	88	96	106	112	108	110	94	122	100	92	108	108	98	94	116	114	82	118	92	102	104	104	100	90	106	114	108	100	102	98	106	94	114	108	120	114	120	96	102	106	112	96	88	94	118	104	106	86	114	108	96	100	92	110	96	102	100	100	100	86	102	106	102	108	88	108	106	88	94	102	106	96	108	96	100	100	110	110	96	98	102	106	84	112	98	120	112	108	100	100	94	110	100	106	102	106	112	96	114	106	110	96	102	104	106	94	94	90
	116	88	96	106	110	108	108	94	122	100	92	108	108	98	94	116	114	82	118	92	102	104	102	100	90	106	114	108	100	102	98	106	92	114	108	120	114	120	96	102	106	110	96	88	94	116	104	106	86	114	108	96	100	92	110	96	102	100	100	100	86	102	102	102	108	88	108	104	88	94	102	106	96	108	92	100	98	108	108	94	96	102	106	84	112	98	120	110	108	100	100	94	110	100	104	102	104	112	96	114	106	110	96	98	104	106	94	94	88
	114	86	96	106	110	108	108	94	122	98	92	106	108	98	94	116	114	82	116	92	100	102	102	100	90	106	114	108	100	102	98	106	92	114	108	120	114	120	96	102	106	110	96	88	94	116	104	106	86	114	108	96	100	92	110	96	102	100	98	100	86	102	102	102	108	88	108	104	88	92	102	106	96	108	92	100	96	108	108	94	94	102	106	84	112	98	120	110	108	100	98	94	110	100	104	100	104	112	94	112	106	110	96	98	104	106	94	94	88
	114	86	96	106	110	108	108	94	122	98	92	104	108	98	94	116	114	82	116	92	100	102	102	100	90	102	114	106	100	102	98	106	92	114	108	120	114	120	96	102	106	110	94	88	94	116	104	106	84	112	108	96	100	92	110	96	102	100	98	98	84	102	102	102	108	88	106	104	88	92	102	106	96	108	92	100	96	108	108	94	94	102	104	84	110	96	120	110	106	100	98	94	110	100	104	98	104	112	94	112	106	110	96	98	104	106	94	94	86
	114	86	96	106	108	108	106	90	122	98	92	104	108	98	94	116	114	82	116	92	100	102	102	100	90	100	112	106	100	102	98	106	92	114	108	120	110	120	96	102	106	106	94	88	92	116	104	104	84	112	106	96	100	92	110	94	102	100	96	96	84	102	100	100	108	86	106	104	88	92	102	106	96	106	92	100	96	106	108	94	92	100	104	84	110	96	120	110	106	100	98	94	110	100	102	98	104	112	94	112	106	108	96	98	104	104	94	92	84
	114	86	96	106	108	108	106	90	122	98	92	104	108	98	94	116	114	82	116	92	100	102	100	100	90	100	112	106	100	98	98	106	88	114	108	120	110	118	94	102	106	106	94	88	92	116	104	102	84	112	106	96	100	92	110	92	102	98	96	96	84	102	98	100	108	86	106	102	88	92	102	106	96	106	92	100	96	106	108	94	90	100	104	84	110	96	118	108	106	100	98	94	110	100	102	98	102	112	94	112	106	108	96	98	104	104	92	92	80
	114	86	94	106	108	106	106	90	122	98	88	104	108	98	94	116	114	82	116	92	100	102	100	98	90	100	112	106	100	98	98	106	88	114	108	120	110	118	92	102	106	106	92	86	88	116	104	102	84	112	106	96	100	92	110	92	102	98	92	96	84	102	98	100	108	86	106	102	86	92	102	106	96	106	92	100	96	106	108	94	90	100	104	84	108	96	118	108	106	100	98	94	110	100	100	98	100	110	94	110	106	106	96	96	104	104	92	92	80
	114	86	92	104	108	106	104	88	122	98	88	104	108	98	94	116	114	82	116	92	100	102	100	98	90	100	112	106	100	98	98	106	88	114	108	120	110	118	92	100	106	106	92	86	88	116	104	102	84	112	106	96	100	92	110	90	102	96	92	96	84	102	98	100	108	86	104	102	86	92	102	104	96	106	92	100	96	106	108	94	90	100	104	84	108	94	118	108	106	100	96	94	110	100	98	98	100	110	92	110	106	106	96	96	104	104	92	92	80
	114	86	92	104	108	106	104	88	122	98	88	104	108	98	94	114	114	82	116	92	100	102	100	98	90	100	112	106	100	98	98	106	88	114	108	120	108	118	92	100	106	106	92	86	88	116	104	102	84	112	106	96	100	92	110	90	102	96	92	96	84	102	96	100	108	86	104	102	86	92	102	98	96	106	92	100	94	106	108	94	90	100	104	84	108	94	118	108	104	100	96	94	110	100	96	98	98	110	92	110	106	104	96	96	104	104	92	92	80
	114	86	92	104	108	106	102	86	122	98	86	104	108	98	94	114	114	82	116	92	100	100	100	98	90	100	110	106	100	98	96	106	88	114	108	120	106	116	92	100	106	106	92	86	88	116	104	102	84	112	106	96	100	92	110	90	102	96	92	96	84	100	96	100	108	86	104	102	86	92	102	96	96	106	92	100	94	106	108	94	88	100	104	84	108	92	118	108	104	100	96	94	110	100	96	98	98	110	92	110	106	104	96	96	102	104	92	92	80
	114	86	88	104	106	106	102	86	122	94	86	104	108	98	94	114	114	82	116	92	100	100	100	98	90	100	110	106	100	98	96	106	86	108	108	120	106	114	88	98	106	106	90	86	88	116	104	102	84	110	106	96	100	90	110	90	102	96	92	96	82	100	96	100	106	86	104	102	86	92	102	96	96	106	90	100	94	106	106	92	86	100	104	84	108	92	118	106	104	100	96	92	106	100	96	98	98	110	92	110	106	102	96	96	102	104	92	92	80
	114	84	88	104	106	106	102	86	122	94	86	104	108	98	94	114	114	82	116	92	100	98	98	96	90	100	110	106	100	98	96	106	86	108	108	120	106	114	88	96	104	106	90	86	88	116	104	102	84	110	106	96	100	90	110	90	102	96	92	94	80	100	94	100	106	86	104	100	86	92	100	96	96	106	90	100	94	106	104	92	86	100	104	84	108	92	118	106	104	100	96	92	106	100	96	98	98	110	92	110	106	100	96	96	102	104	92	90	80
	114	84	88	104	106	106	100	86	122	94	84	102	108	98	94	112	114	82	116	92	100	98	96	94	90	100	108	106	98	98	96	106	86	108	108	120	104	114	88	96	102	106	88	84	88	116	104	102	84	110	106	96	98	90	110	90	102	96	92	94	80	100	94	100	106	84	104	100	86	92	100	96	94	106	90	100	94	106	104	92	86	100	104	84	108	92	118	106	104	100	94	92	106	98	96	96	98	108	92	110	104	100	96	96	102	104	92	90	80
	114	84	88	104	106	106	100	84	122	94	84	102	108	98	94	112	114	82	116	90	100	98	96	92	90	100	108	106	98	96	96	106	86	108	106	118	104	114	88	96	102	104	88	82	88	116	104	102	84	110	106	96	98	90	110	90	102	96	92	94	80	100	94	100	106	84	104	100	86	92	96	96	94	106	90	100	94	106	102	92	86	100	102	84	106	92	116	104	104	100	94	92	104	98	96	96	98	108	92	110	104	100	96	96	102	104	92	90	80
	114	84	88	102	106	106	100	84	122	94	84	102	108	98	94	112	112	82	116	90	100	98	96	92	90	100	108	106	98	94	96	106	86	108	106	118	104	114	86	96	102	104	88	82	88	116	104	102	84	110	106	96	98	90	110	90	102	96	92	92	80	100	94	100	106	84	104	100	86	92	96	96	94	106	90	100	94	104	102	92	86	100	98	84	106	92	116	104	104	100	94	92	104	98	96	96	96	108	92	108	104	100	96	96	102	104	92	88	80
	114	84	88	102	106	106	100	82	122	92	84	102	108	98	94	112	112	82	114	90	100	96	94	92	90	100	108	106	98	94	96	106	84	108	106	118	104	114	82	94	102	104	88	82	88	116	104	102	84	110	106	96	96	90	110	90	102	96	92	92	80	100	94	100	106	84	104	100	86	92	96	96	94	106	90	100	94	104	100	92	86	100	98	82	106	92	116	104	104	100	94	90	104	98	96	96	96	108	92	108	104	100	96	96	102	104	92	88	80
	114	82	88	96	106	106	100	82	122	92	84	102	108	98	94	112	112	82	114	90	100	96	94	92	90	100	108	106	98	94	94	106	84	108	106	118	104	114	82	94	102	104	88	82	88	116	104	102	84	110	104	96	94	90	110	90	102	96	92	92	80	100	94	100	106	84	104	100	86	92	96	96	94	106	90	100	94	104	100	92	86	100	98	82	106	92	116	104	104	98	94	90	104	98	96	94	96	108	92	108	104	100	96	96	102	104	92	88	80
	114	82	88	96	104	106	100	82	122	92	84	102	108	96	94	112	112	82	114	90	100	96	94	92	90	100	108	104	98	94	94	106	84	108	106	118	104	114	82	94	102	104	86	82	88	116	104	102	84	110	104	96	94	90	108	90	102	96	92	90	80	100	94	100	106	84	104	100	86	92	96	96	94	106	90	100	94	104	100	92	86	100	98	82	106	90	114	104	104	98	94	90	104	98	96	94	96	108	92	108	104	100	96	96	102	104	92	88	80
	114	82	88	96	104	106	100	82	122	92	84	102	108	96	94	112	110	82	114	88	100	96	94	92	88	100	108	104	98	94	94	106	84	106	106	118	102	114	82	94	102	104	86	82	88	116	104	102	84	110	104	96	92	88	108	90	102	96	92	90	80	100	94	100	106	84	104	100	86	92	96	96	94	106	90	100	94	102	100	92	86	100	96	82	104	90	114	104	104	96	94	88	104	98	96	94	96	108	92	108	104	100	96	96	102	104	92	88	80
	114	82	88	96	104	106	100	82	122	92	84	102	108	96	94	112	108	82	114	88	100	96	94	92	88	100	108	104	98	94	94	104	84	102	106	118	102	114	82	94	102	104	86	82	88	116	104	102	84	110	104	96	92	88	108	88	102	96	92	90	80	100	94	100	106	84	104	100	86	92	96	96	94	106	90	100	94	102	100	92	84	100	96	82	104	90	114	104	104	96	94	88	102	98	96	92	94	106	92	108	102	100	96	96	102	104	92	88	80
	114	82	88	94	104	106	100	82	122	92	84	102	108	96	94	112	108	82	114	86	100	96	94	92	88	98	108	104	98	94	94	104	84	100	106	118	102	114	82	94	102	104	86	82	88	116	104	102	84	108	104	96	92	88	106	88	102	96	92	90	80	100	94	100	106	84	104	100	86	92	96	96	94	106	90	100	94	102	100	92	84	100	94	82	104	90	114	104	104	96	94	86	102	98	96	92	92	106	92	108	102	100	96	96	100	104	92	88	78
	114	82	88	94	102	106	100	82	122	92	84	102	108	96	94	112	108	82	114	84	100	94	92	92	88	98	108	104	98	94	92	104	84	98	106	116	102	114	82	94	100	104	84	82	88	116	104	102	84	106	104	96	92	88	106	88	102	96	92	90	80	100	94	100	106	84	104	100	86	90	96	96	94	106	90	100	94	102	100	92	84	100	94	82	104	90	108	104	104	96	94	86	102	98	94	92	92	106	92	108	102	100	96	96	100	102	92	86	78
	114	82	88	94	102	106	100	80	122	92	84	102	108	96	94	112	108	82	114	82	100	94	92	92	88	98	108	104	98	94	92	104	84	98	106	116	102	114	82	94	100	102	84	82	86	116	104	102	84	106	102	94	92	86	106	88	102	96	92	84	80	100	94	100	106	84	104	100	86	90	96	96	94	106	90	100	94	102	100	92	84	98	94	80	104	90	108	104	100	96	94	86	100	98	94	92	92	106	92	108	102	100	96	96	98	98	92	86	78
	114	82	88	94	102	106	100	80	122	92	84	102	108	96	94	112	108	80	114	82	100	92	92	92	86	98	108	104	98	94	92	104	84	98	106	114	102	112	82	92	100	102	84	82	86	114	104	102	84	106	100	94	90	86	104	88	102	96	92	84	80	100	94	100	106	84	104	100	86	88	96	94	94	104	90	100	94	102	100	92	84	98	94	80	104	90	108	104	100	94	94	86	100	98	94	90	92	106	92	106	102	98	96	96	96	98	92	86	78
	114	82	88	94	102	106	100	80	122	92	84	102	108	96	94	112	106	80	114	82	100	92	88	92	86	98	108	104	96	94	92	104	84	98	106	114	102	112	82	92	100	102	84	82	86	114	102	102	84	106	100	94	90	86	104	86	102	96	92	84	80	100	94	100	106	84	104	100	86	86	96	94	92	102	90	100	94	102	100	92	84	98	94	80	104	90	106	104	98	94	94	86	100	98	94	88	92	106	92	106	102	98	96	96	96	98	92	86	78
	114	82	88	94	102	106	100	80	122	92	84	102	108	96	94	112	106	80	114	82	100	92	86	92	86	98	108	104	96	94	92	104	84	98	106	110	102	110	80	92	100	102	84	82	86	114	102	102	84	106	100	92	90	86	104	86	102	96	92	84	80	100	94	100	106	84	104	100	86	86	94	94	92	102	90	100	94	102	100	92	84	98	94	80	104	90	106	104	98	94	92	86	100	98	94	88	92	106	92	106	102	98	96	96	94	98	92	86	78
	114	82	88	94	100	106	100	80	122	92	84	100	108	96	94	110	106	80	112	82	100	92	84	92	86	98	108	104	96	94	92	104	84	98	106	110	102	108	80	92	100	102	84	80	86	112	102	102	84	106	100	92	90	86	102	86	102	96	92	84	80	100	92	100	106	82	104	100	84	86	94	94	92	102	88	100	92	102	100	92	84	96	94	80	102	90	106	104	98	92	92	86	100	98	94	86	92	106	92	106	102	98	96	96	94	98	92	86	76
	114	82	88	94	100	106	100	80	122	92	84	100	108	96	94	108	106	80	112	80	98	92	82	92	86	96	108	104	96	94	92	104	84	98	106	110	102	108	80	92	100	102	84	80	86	112	100	102	84	106	100	92	90	86	102	86	102	96	92	84	80	98	92	100	106	82	104	100	84	86	94	94	92	102	88	100	92	102	100	92	84	96	94	78	102	90	106	104	98	92	92	86	100	98	94	86	92	106	92	104	102	96	96	96	92	98	92	86	74
	114	82	88	94	100	106	100	80	122	92	84	100	108	96	94	108	106	80	112	80	98	90	82	92	86	94	108	104	96	94	92	104	84	98	106	110	102	108	80	92	100	102	84	80	86	110	100	102	84	106	100	92	90	86	100	86	102	96	92	84	80	98	92	98	106	82	104	100	82	86	94	94	92	102	86	98	92	102	100	92	84	96	92	78	102	90	106	104	98	92	92	86	100	98	94	86	92	106	92	104	102	96	96	96	90	98	92	86	74
	114	82	88	94	96	106	100	80	122	92	84	100	108	96	94	108	106	80	112	80	98	90	82	92	86	94	106	104	96	94	90	104	84	98	106	110	102	108	80	92	100	102	84	80	86	110	100	102	84	106	100	92	90	86	100	86	102	96	92	82	78	98	90	98	106	82	104	100	80	86	94	94	92	102	86	98	92	102	100	92	84	96	92	78	102	90	104	104	98	90	92	86	100	98	92	86	92	106	92	104	102	96	96	96	90	98	90	86	74
	114	82	88	94	96	106	100	80	122	92	84	100	108	96	94	106	106	80	112	80	98	90	80	92	86	94	106	104	96	94	88	104	84	98	106	110	102	108	80	92	100	102	84	80	86	110	98	102	84	106	100	92	90	84	98	86	102	96	92	82	78	98	90	96	106	82	104	98	80	86	94	94	92	102	86	98	92	102	98	92	84	96	92	76	102	90	104	104	96	90	92	86	100	98	92	86	92	106	92	100	102	96	96	94	88	96	88	86	74
	114	82	88	94	96	104	100	80	122	90	84	100	108	96	94	106	106	78	112	80	98	90	80	90	86	94	106	104	96	94	88	104	84	98	104	110	102	108	80	92	100	102	82	80	86	110	98	102	82	106	100	92	90	84	98	86	102	96	92	80	78	98	90	96	106	82	104	98	80	84	94	94	92	102	86	96	92	102	98	92	84	96	92	76	102	90	104	104	96	90	92	86	100	98	92	86	92	106	92	100	102	94	94	94	88	96	88	86	74
	114	82	88	94	96	100	100	80	122	90	82	100	108	96	94	106	106	78	112	80	98	90	80	90	86	94	106	104	94	94	88	104	84	98	100	110	102	108	80	92	100	102	82	80	86	108	94	102	82	106	100	92	90	84	98	86	102	96	92	80	78	98	90	96	106	82	104	98	80	84	94	94	92	102	86	96	92	102	98	92	84	96	92	76	102	90	102	104	96	90	92	86	100	98	92	86	92	106	92	100	102	94	94	94	88	96	88	86	74
	114	82	88	94	96	100	100	80	120	90	82	100	108	96	92	106	106	78	112	80	98	90	80	90	86	94	106	104	94	94	88	104	84	98	98	110	102	108	80	92	100	102	82	78	86	106	94	100	82	106	100	92	90	82	98	86	102	94	92	80	78	98	90	96	106	82	102	98	80	84	94	94	92	102	86	96	88	102	98	92	84	96	90	76	102	90	102	104	96	90	92	86	100	98	92	86	90	106	92	100	102	94	94	94	88	96	88	86	74
	114	82	88	94	96	100	100	80	120	90	82	100	108	96	90	106	106	78	112	80	98	90	80	90	86	94	104	104	94	94	86	104	84	98	98	110	102	108	80	90	100	102	82	78	86	106	92	100	82	106	100	92	90	80	98	86	102	94	90	78	78	98	90	96	106	82	102	96	80	84	94	94	92	102	86	96	88	102	98	92	84	94	90	76	102	90	102	104	96	90	92	86	100	98	92	84	90	106	92	100	102	94	94	94	86	96	88	86	74
	112	82	88	94	96	96	100	80	118	90	82	100	108	96	90	106	106	78	112	80	98	90	80	90	86	92	104	104	94	94	86	104	84	98	94	110	102	108	80	90	100	102	82	78	86	106	92	100	82	104	100	92	90	80	98	86	102	94	90	78	78	98	90	96	106	82	96	96	80	84	94	94	92	102	86	96	88	102	96	92	84	94	90	76	102	90	100	104	96	90	92	86	100	98	92	84	90	106	92	100	102	94	94	94	86	96	88	86	74
	110	82	88	94	96	94	100	80	118	90	82	100	106	96	88	106	106	76	112	80	98	90	80	90	86	92	104	104	94	94	86	104	84	98	94	110	102	108	80	90	98	102	82	78	86	106	92	100	82	104	100	92	90	78	98	84	102	94	90	78	78	98	90	96	106	80	96	96	80	84	94	94	92	102	86	96	88	102	96	92	84	94	90	76	102	90	100	104	96	90	92	86	100	98	92	84	90	106	92	100	102	94	94	94	86	96	88	86	74
	110	82	88	94	96	94	100	80	118	90	82	100	104	96	88	106	106	76	112	80	98	90	80	90	84	92	102	104	92	94	86	104	82	98	94	110	102	108	80	90	98	100	82	78	86	106	92	100	82	102	100	92	90	78	98	84	102	94	90	78	78	98	90	96	106	78	96	96	80	84	94	94	92	102	86	96	88	102	96	92	84	92	88	76	102	88	100	104	94	90	90	86	100	98	92	84	90	106	92	100	102	94	94	94	86	96	88	86	74
	108	82	88	94	96	92	100	80	118	90	82	100	104	96	88	106	104	74	112	80	98	90	80	90	84	92	102	102	92	94	86	104	82	98	94	108	102	108	78	90	98	98	82	78	86	106	86	100	82	102	100	92	90	78	98	84	102	94	90	78	78	98	88	96	106	78	96	96	80	84	94	94	90	102	84	96	88	102	94	92	84	92	88	76	102	88	98	104	94	90	90	86	100	98	92	84	90	104	92	98	102	94	94	94	86	96	88	86	74
	108	82	88	94	96	92	100	80	118	90	82	100	104	96	88	106	104	74	112	80	98	90	80	90	84	90	100	100	92	94	86	104	82	98	94	108	102	106	78	90	98	96	82	78	86	106	86	100	80	100	100	92	86	76	98	84	102	94	90	78	78	98	88	94	106	78	96	96	80	84	94	94	90	102	84	96	88	102	94	92	84	92	88	76	102	88	98	104	92	90	90	86	100	98	92	84	88	104	92	98	102	94	94	94	86	96	88	86	74
	108	82	88	94	96	90	100	80	118	90	82	100	104	96	86	106	104	72	112	80	98	90	80	90	84	90	100	98	92	94	86	104	82	98	94	108	102	106	78	90	98	96	82	78	86	106	86	98	80	100	100	92	86	76	98	84	102	94	90	78	78	98	88	94	106	78	96	96	80	84	94	94	90	102	84	96	88	102	94	92	84	90	88	76	102	88	98	104	92	90	90	86	100	98	92	84	88	104	92	98	102	94	94	94	86	96	88	86	74
	108	82	88	94	96	90	100	78	118	90	82	100	104	96	86	106	104	72	112	80	98	90	80	90	84	90	100	98	92	94	86	104	80	98	94	108	100	106	78	90	98	96	82	78	86	106	86	98	78	100	100	90	84	76	98	84	102	94	90	78	78	98	88	94	106	78	96	94	80	84	94	94	90	102	84	96	88	102	94	92	84	88	88	76	102	88	98	104	92	90	90	86	100	98	90	84	88	104	92	98	102	94	92	94	86	94	88	86	74
	108	82	88	94	96	88	100	78	118	90	82	100	104	96	86	106	102	72	112	80	98	90	80	90	84	90	100	98	92	94	86	104	80	98	94	108	96	106	78	90	98	96	82	78	86	104	86	98	78	100	98	88	84	76	98	84	102	94	90	78	78	98	88	94	106	78	96	94	80	80	94	94	90	102	84	94	88	102	94	92	84	88	88	76	102	88	98	104	92	90	88	86	100	98	88	84	88	104	92	98	102	94	92	94	86	94	88	86	74
	108	80	88	94	96	88	98	78	118	88	82	98	104	96	86	106	102	72	112	80	98	90	80	90	84	90	100	98	92	94	86	104	80	98	94	108	94	106	78	90	98	96	82	78	86	104	84	98	78	98	98	88	84	76	96	84	102	94	90	78	78	98	88	94	106	78	96	94	80	80	94	94	88	102	84	94	86	102	94	92	84	88	88	76	102	88	98	104	92	90	88	86	100	98	88	84	88	104	92	98	102	94	92	94	86	94	88	84	74
	108	80	88	94	96	88	98	78	118	88	82	98	104	96	86	106	102	72	112	78	98	90	80	90	84	90	100	98	92	94	86	104	80	98	94	108	94	106	78	90	98	96	82	78	84	102	84	98	78	98	98	88	84	74	96	84	102	94	90	78	78	98	88	94	106	78	96	94	80	80	94	94	88	100	84	94	84	102	94	92	84	88	88	76	100	88	98	104	92	90	88	86	100	98	88	82	88	104	92	98	102	94	90	94	86	94	88	84	74
