	0	0	0	0	0	0	0	0	0	0	0	0	0	0	0	0	0	0	0	0	0	0	0	0	0	0	0	0	0	0	0	0	0	0	0	0	0	0	0	0	0	0	0	0	0	0	0	0	0	0	0	0	0	0	0	0	0	0	0	0	0	0	0	0	0	0	0	0	0	0	0	0	0	0	0	0	0	0	0	0	0	0	0	0	0	0	0	0	0	0	0	0	0	0	0	0	0	0	0	0	0	0	0	0	0	0	0	0	0
	2134	2140	2076	2092	2162	2098	2172	2138	2144	2150	2126	2092	2126	2150	2134	2140	2136	2126	2022	2186	2124	2112	2042	2156	2078	2086	2082	2080	2056	2076	2176	2096	2126	2150	2134	2058	2096	2122	2082	2030	2126	2086	2102	2144	2180	2104	2178	2126	2074	2088	2112	2090	2080	2098	2062	2088	2138	2192	2086	2112	2112	2156	2112	2172	2168	2190	2132	2154	2138	2138	2112	2094	2136	2232	2124	2062	2098	2104	2178	2126	2126	2118	2110	2096	2136	2092	2202	2126	2060	2154	2144	2122	2140	2108	2054	2150	2074	2188	2126	2092	2092	2122	2126	2138	2058	2186	2112	2132	2168
	1664	1708	1676	1626	1750	1694	1734	1726	1728	1736	1700	1710	1662	1736	1712	1722	1632	1660	1636	1802	1684	1658	1632	1730	1750	1658	1666	1724	1630	1676	1684	1686	1662	1736	1712	1678	1664	1672	1600	1660	1732	1678	1672	1648	1728	1588	1718	1666	1662	1702	1654	1680	1698	1694	1640	1700	1636	1704	1652	1636	1682	1684	1648	1734	1732	1708	1706	1668	1710	1726	1650	1702	1666	1752	1676	1664	1686	1662	1738	1734	1660	1692	1720	1666	1678	1720	1784	1638	1668	1668	1728	1716	1654	1658	1658	1736	1614	1702	1700	1712	1710	1708	1678	1710	1610	1730	1690	1698	1688
	1460	1490	1474	1474	1526	1514	1526	1492	1526	1486	1406	1510	1446	1520	1484	1506	1442	1496	1450	1524	1486	1440	1432	1516	1532	1442	1494	1556	1466	1474	1466	1482	1446	1520	1484	1480	1450	1496	1428	1472	1496	1512	1466	1442	1504	1370	1496	1462	1440	1508	1450	1500	1494	1514	1446	1500	1434	1464	1468	1412	1474	1476	1486	1526	1538	1466	1524	1514	1470	1492	1456	1496	1462	1508	1452	1490	1496	1454	1518	1522	1442	1488	1502	1452	1500	1504	1540	1442	1490	1442	1526	1550	1458	1430	1472	1486	1444	1492	1406	1522	1510	1484	1520	1468	1394	1502	1522	1480	1486
	1354	1360	1366	1378	1422	1426	1368	1396	1404	1354	1264	1354	1322	1396	1350	1364	1290	1396	1370	1384	1408	1324	1358	1368	1376	1354	1344	1438	1336	1366	1302	1344	1322	1396	1350	1354	1362	1408	1338	1338	1342	1364	1354	1332	1396	1252	1354	1332	1358	1394	1326	1408	1410	1426	1322	1370	1324	1328	1374	1316	1342	1376	1398	1368	1396	1334	1424	1394	1354	1396	1276	1372	1352	1362	1330	1354	1356	1320	1358	1400	1348	1354	1402	1300	1384	1382	1374	1314	1340	1268	1404	1400	1346	1286	1376	1354	1328	1358	1264	1384	1354	1328	1388	1312	1290	1360	1384	1332	1356
	1228	1276	1268	1276	1330	1332	1260	1274	1326	1274	1218	1252	1230	1276	1286	1288	1242	1296	1272	1270	1320	1254	1290	1268	1292	1276	1232	1334	1254	1268	1222	1242	1230	1276	1286	1284	1288	1296	1250	1250	1298	1278	1248	1244	1328	1178	1270	1252	1294	1302	1254	1304	1324	1332	1248	1300	1252	1256	1318	1232	1268	1268	1298	1260	1308	1242	1320	1286	1276	1274	1174	1260	1270	1258	1242	1236	1258	1260	1264	1290	1232	1274	1346	1216	1292	1280	1292	1234	1244	1188	1326	1298	1256	1174	1302	1274	1248	1268	1218	1284	1252	1244	1278	1230	1208	1244	1292	1244	1272
	1180	1228	1216	1204	1246	1282	1194	1232	1248	1238	1150	1174	1176	1196	1228	1236	1180	1220	1198	1180	1284	1190	1226	1186	1202	1210	1190	1282	1186	1216	1150	1148	1176	1196	1228	1230	1220	1220	1186	1174	1228	1224	1178	1174	1258	1122	1234	1166	1220	1228	1192	1226	1256	1282	1194	1238	1166	1238	1256	1196	1202	1208	1210	1194	1246	1166	1246	1218	1204	1232	1112	1160	1218	1196	1184	1168	1192	1204	1180	1234	1166	1198	1298	1140	1238	1210	1224	1178	1180	1158	1248	1216	1202	1116	1214	1238	1178	1182	1150	1186	1174	1184	1180	1164	1128	1184	1214	1176	1212
	1138	1190	1160	1168	1196	1230	1124	1164	1200	1196	1102	1110	1132	1122	1186	1172	1120	1178	1146	1110	1226	1146	1170	1128	1130	1170	1150	1236	1118	1160	1100	1110	1132	1122	1186	1194	1194	1168	1130	1134	1148	1168	1118	1126	1194	1080	1192	1102	1164	1156	1144	1186	1206	1230	1148	1180	1124	1170	1210	1162	1156	1160	1144	1124	1188	1126	1196	1150	1140	1164	1054	1100	1188	1144	1154	1134	1148	1150	1126	1180	1096	1134	1238	1096	1182	1156	1146	1120	1132	1122	1200	1148	1148	1094	1154	1196	1110	1116	1102	1116	1110	1142	1130	1108	1074	1144	1158	1126	1142
	1108	1140	1142	1126	1140	1186	1066	1130	1164	1168	1074	1058	1088	1070	1158	1110	1092	1132	1088	1068	1184	1110	1126	1052	1094	1128	1094	1196	1070	1142	1062	1056	1088	1070	1158	1166	1146	1124	1078	1094	1108	1110	1076	1070	1166	1048	1160	1042	1128	1112	1102	1132	1140	1186	1128	1148	1092	1114	1166	1116	1126	1126	1110	1066	1160	1064	1148	1090	1088	1130	1022	1050	1140	1106	1126	1102	1106	1098	1080	1132	1076	1100	1182	1058	1138	1106	1100	1074	1090	1090	1164	1128	1068	1072	1128	1168	1062	1072	1074	1066	1058	1106	1082	1088	1058	1088	1122	1088	1104
	1066	1090	1102	1076	1108	1154	1028	1096	1114	1128	1048	1016	1036	1030	1128	1066	1076	1082	1052	1018	1140	1094	1096	1000	1060	1094	1072	1166	1042	1102	1030	1028	1036	1030	1128	1144	1104	1084	1052	1056	1058	1068	1066	1046	1110	1022	1122	1012	1092	1052	1064	1086	1114	1154	1102	1106	1062	1074	1146	1096	1074	1084	1070	1028	1122	1032	1092	1042	1034	1096	974	1014	1082	1050	1082	1072	1060	1052	1044	1072	1054	1042	1132	1012	1120	1072	1068	1030	1056	1054	1114	1072	1028	1028	1092	1128	1026	1036	1048	1036	1016	1066	1024	1066	1026	1052	1084	1068	1076
	1040	1038	1076	1038	1080	1126	996	1060	1072	1092	1000	988	1008	994	1086	1046	1056	1036	1022	992	1104	1060	1056	970	1014	1070	1052	1140	1028	1076	992	996	1008	994	1086	1114	1094	1056	1022	1030	1026	1038	1028	1016	1076	1010	1088	986	1062	1024	1024	1052	1064	1126	1074	1082	1016	1048	1096	1072	1032	1050	1034	996	1098	996	1046	1016	1000	1060	954	982	1040	1016	1056	1054	1030	1014	1012	1042	1032	1010	1092	988	1090	1052	1026	996	1024	1032	1072	1056	988	998	1056	1092	1002	994	1000	994	988	1040	1014	1050	1006	1008	1038	1030	1060
	1028	1014	1062	998	1052	1084	960	1038	1042	1066	964	958	974	976	1036	1032	1028	1004	988	968	1068	1044	1036	940	972	1038	1022	1104	994	1062	962	964	974	976	1036	1092	1080	1042	986	1008	1004	1014	1002	986	1056	988	1068	970	1034	970	1006	1032	1032	1084	1050	1042	978	1018	1070	1052	1014	1022	980	960	1066	974	1016	978	972	1038	936	964	998	972	1000	1014	1006	1000	982	1012	1022	988	1046	952	1038	1004	992	982	1002	1012	1042	1036	954	986	1030	1066	966	990	964	972	958	996	992	1022	982	974	1002	1008	1042
	998	964	1044	982	1022	1064	938	998	1030	1030	946	940	938	940	1004	1012	1008	968	966	952	1040	1032	1006	908	960	1008	1010	1084	960	1044	944	944	938	940	1004	1072	1050	1024	964	998	976	1006	980	934	1028	982	1028	948	982	942	978	990	998	1064	1012	1020	966	990	1042	1032	1000	994	954	938	1048	954	988	954	936	998	914	954	974	934	974	982	992	974	958	974	996	972	1016	928	1010	990	972	964	978	996	1030	1012	914	968	1010	1030	936	942	946	940	940	968	966	992	964	946	980	990	1028
	972	952	1022	964	990	1032	922	982	1020	996	940	914	894	906	974	992	1000	950	944	934	1006	1026	982	900	940	982	980	1060	940	1022	926	922	894	906	974	1036	1016	982	946	984	942	996	958	904	1002	974	1008	934	960	924	960	982	970	1032	974	994	940	976	1024	1022	968	952	920	922	1040	944	958	932	908	982	894	926	946	910	954	958	962	944	942	940	964	954	1004	922	992	970	946	952	962	974	1020	986	902	956	978	996	910	920	940	920	914	958	928	982	954	930	956	970	1012
	958	942	1010	932	980	1000	918	972	1004	970	914	898	878	872	966	962	988	922	916	906	984	1022	972	878	920	968	966	1022	916	1010	898	910	878	872	966	1010	994	974	928	978	924	970	936	882	968	958	984	920	952	904	948	974	930	1000	954	976	928	958	1006	1016	950	942	914	918	1016	930	946	906	870	972	874	902	902	886	944	932	956	924	938	908	956	936	974	910	980	956	924	950	936	964	1004	956	898	938	950	970	900	890	914	906	898	944	908	970	932	916	940	958	996
	940	922	980	902	964	986	896	952	990	942	900	864	856	854	960	930	970	914	912	894	952	1022	958	854	904	952	960	992	902	980	884	894	856	854	960	976	966	962	920	962	904	952	918	852	936	940	958	906	928	900	920	954	912	986	940	968	902	932	990	1002	926	920	906	896	990	916	928	902	852	952	874	884	884	854	932	920	926	900	930	888	942	922	954	894	966	946	896	944	906	938	990	938	886	922	928	942	892	870	900	884	864	914	892	942	922	910	918	940	980
	928	902	974	878	948	964	886	938	980	908	890	838	842	846	952	918	954	904	902	888	938	1008	946	846	890	926	948	960	898	974	856	884	842	846	952	954	956	950	916	926	892	930	896	844	902	926	942	894	918	884	906	940	894	964	930	954	894	922	976	980	918	916	898	886	962	912	914	886	840	938	858	864	858	838	896	912	914	892	916	866	924	918	926	886	958	936	876	932	888	930	980	906	876	908	920	908	880	840	890	864	838	904	868	918	908	886	890	934	972
	916	880	952	862	934	954	882	920	970	890	878	824	826	818	940	894	942	900	886	880	924	1006	938	834	886	922	932	948	888	952	852	880	826	818	940	950	948	930	904	908	874	916	878	840	888	916	914	866	912	856	890	916	874	954	924	948	880	908	966	964	910	908	880	882	952	900	902	874	834	920	854	836	848	834	880	902	912	862	904	858	908	908	908	884	952	920	858	918	870	924	970	886	860	888	900	890	876	830	878	850	824	888	850	912	902	866	882	922	960
	904	868	946	856	922	946	876	904	940	870	858	814	810	816	940	880	932	888	872	866	908	1000	910	816	878	904	912	928	870	946	848	872	810	816	940	926	934	920	898	890	858	898	870	830	884	910	902	858	888	834	874	898	852	946	920	936	870	896	958	942	884	890	868	876	932	888	894	864	810	904	846	826	828	816	870	884	892	852	890	846	902	886	892	878	952	904	842	912	858	916	940	858	848	874	890	870	864	808	858	844	814	870	844	900	890	840	872	912	934
	894	862	922	850	906	934	864	896	926	862	844	808	796	806	934	876	922	886	864	858	896	996	892	796	874	892	896	914	862	922	838	864	796	806	934	916	926	914	896	880	842	892	850	826	878	908	890	832	886	828	852	878	838	934	914	928	870	876	950	930	862	884	862	864	922	880	872	856	784	896	842	826	814	808	860	874	878	846	876	834	892	870	876	876	946	890	834	906	848	904	926	856	836	872	878	862	834	804	844	820	808	856	836	882	862	830	862	902	908
	880	856	910	844	900	924	842	882	912	852	840	804	792	786	926	872	912	876	852	858	876	976	866	782	870	868	890	904	858	910	836	850	792	786	926	902	920	904	874	870	828	890	846	822	870	904	886	830	886	818	838	858	828	924	906	910	862	866	936	920	850	880	860	842	902	868	850	854	764	882	840	820	800	802	840	864	874	844	860	828	888	864	870	866	936	882	822	894	828	894	912	854	824	868	876	852	820	802	840	802	804	846	818	876	862	820	848	890	894
	864	852	900	832	896	914	830	874	906	844	838	794	786	774	914	872	902	868	842	852	854	964	854	774	850	846	882	898	854	900	826	848	786	774	914	878	908	896	868	858	820	890	844	810	856	896	878	822	880	812	834	842	818	914	886	896	860	848	918	904	842	874	860	830	894	860	834	848	760	874	840	814	790	794	834	852	854	842	844	820	886	860	858	842	932	860	810	892	802	890	906	842	814	854	872	844	810	790	838	794	794	834	808	870	852	820	842	876	884
	854	852	886	810	878	912	820	862	898	826	822	794	784	762	900	868	884	852	824	840	834	958	844	766	836	832	874	884	850	886	818	840	784	762	900	866	900	886	854	836	818	886	834	802	844	890	874	818	878	782	816	824	812	912	878	894	850	828	912	900	838	872	846	820	884	856	814	844	756	862	840	802	784	776	830	844	840	840	826	812	882	856	846	826	932	848	804	886	798	882	898	838	810	848	868	826	802	784	822	782	794	820	794	862	842	814	826	864	868
	848	852	870	804	868	902	816	848	896	820	806	784	780	762	890	858	872	842	818	832	818	954	838	760	832	822	872	880	840	870	818	834	780	762	890	858	894	878	848	826	802	874	828	796	830	886	862	806	872	776	804	814	810	902	868	870	840	820	912	894	830	860	840	816	878	844	810	836	752	848	838	788	778	772	820	838	832	824	818	800	880	854	830	808	932	840	786	876	796	870	896	826	802	836	864	820	790	772	806	782	784	812	778	858	838	804	820	854	858
	846	846	868	784	848	900	806	846	888	818	802	784	778	754	882	848	866	834	816	828	802	946	834	750	826	816	856	874	832	868	808	834	778	754	882	842	890	876	842	816	802	870	820	794	804	884	860	798	864	766	798	808	804	900	858	864	836	812	912	884	814	856	832	806	864	830	796	812	740	846	832	782	774	758	818	836	822	824	808	786	868	852	810	790	930	824	766	876	794	862	888	820	786	824	858	818	784	766	802	778	784	806	762	854	836	802	814	824	838
	844	840	854	784	836	894	798	842	876	806	790	782	774	746	870	832	856	824	808	816	794	932	832	742	820	808	848	858	824	854	806	832	774	746	870	830	890	870	830	808	786	864	814	788	792	882	856	798	860	758	788	808	794	894	842	854	832	806	900	880	804	850	826	798	856	830	792	796	734	842	830	778	774	754	816	828	812	820	802	782	860	838	792	778	918	814	760	876	784	860	876	812	778	818	852	806	780	760	790	776	782	798	748	850	830	796	810	812	828
	822	830	850	782	820	888	790	828	868	796	776	780	764	746	868	822	854	816	804	808	780	928	828	740	804	804	830	846	814	850	806	832	764	746	868	822	890	862	824	796	780	860	806	782	786	876	852	792	846	752	784	804	790	888	830	850	826	804	896	860	796	850	816	790	850	820	770	790	726	828	828	776	768	748	800	824	800	796	796	774	844	830	778	774	912	804	752	872	774	856	868	804	768	806	846	796	778	750	776	774	780	790	740	850	824	790	802	804	824
	818	816	846	780	802	876	782	828	866	794	758	780	740	746	866	810	846	804	796	798	774	916	824	742	790	798	826	830	796	846	800	830	740	746	866	816	878	862	810	790	774	852	802	782	776	872	848	792	840	742	780	798	784	876	826	848	820	802	894	846	788	842	810	782	850	812	758	772	722	828	824	772	768	748	792	816	784	790	794	772	830	824	760	772	906	800	746	870	770	852	866	794	746	802	846	794	774	736	758	774	780	774	728	850	812	786	796	800	822
	814	814	846	772	794	868	770	826	866	794	744	778	730	744	858	808	846	804	782	792	752	910	818	742	790	786	824	814	776	846	792	830	730	744	858	814	872	854	792	778	774	846	784	782	772	868	844	792	836	734	772	792	774	868	812	846	814	794	874	836	782	832	800	770	848	802	752	768	718	826	814	770	764	746	788	816	774	778	786	764	830	822	752	770	900	796	746	864	764	850	866	788	744	798	840	794	770	724	744	770	778	774	710	848	800	784	794	800	812
	812	810	838	764	790	866	756	810	862	792	740	778	726	740	856	798	846	802	774	788	740	906	812	736	790	776	820	810	762	838	792	830	726	740	856	810	868	848	788	762	768	840	776	774	772	866	836	788	830	734	766	786	768	866	808	846	806	792	860	834	782	824	794	756	844	796	746	768	716	810	812	764	754	732	786	810	756	772	784	762	822	818	746	770	898	788	742	858	756	836	862	786	734	792	838	792	766	710	740	766	778	768	706	844	792	780	794	796	808
	810	802	832	762	788	858	738	802	860	788	732	776	718	736	856	788	838	798	766	780	738	898	806	732	788	766	820	804	756	832	788	826	718	736	856	808	868	838	782	760	768	832	766	774	772	862	836	788	818	726	758	786	758	858	804	840	802	792	858	834	776	822	792	738	836	792	744	760	710	802	804	758	748	726	784	806	748	762	784	758	808	814	744	762	894	772	728	856	744	828	860	778	728	786	836	788	764	704	732	754	776	756	698	844	788	776	786	782	806
	808	792	826	760	786	854	738	794	858	786	726	774	712	736	854	778	834	788	762	768	722	888	806	728	788	762	802	802	744	826	784	824	712	736	854	796	866	832	782	758	768	826	760	770	768	852	822	784	816	720	754	784	756	854	790	830	798	792	854	822	774	822	790	738	832	782	744	760	706	794	804	752	746	722	772	794	744	758	784	752	806	814	738	760	894	770	720	854	746	826	858	766	718	782	836	786	760	698	726	746	774	744	688	840	784	774	778	770	798
	800	778	814	756	780	854	738	790	854	782	720	768	710	734	850	774	834	782	758	758	716	884	800	720	788	754	798	792	734	814	780	818	710	734	850	774	860	822	772	756	768	826	762	766	760	846	822	776	812	718	752	776	756	854	784	826	794	790	842	812	768	812	786	738	822	780	744	756	700	790	792	748	742	714	764	790	734	756	784	742	804	810	732	758	888	760	714	848	738	820	854	754	714	782	832	782	752	692	720	744	768	742	682	834	772	770	776	770	796
	796	774	808	748	768	852	732	784	854	780	712	762	710	726	844	770	828	782	758	750	704	882	800	716	788	750	796	784	728	808	774	814	710	726	844	766	856	820	764	752	768	826	756	766	754	844	822	774	812	710	750	770	754	852	782	826	780	782	840	790	758	800	780	732	818	780	744	748	696	784	786	744	736	712	762	788	730	754	776	732	796	802	724	758	884	748	706	836	734	814	854	752	712	780	814	780	740	680	712	740	762	742	680	826	766	762	776	760	792
	790	768	800	744	754	842	730	774	846	772	706	762	706	726	838	764	828	776	756	744	700	882	800	712	788	736	784	776	720	800	770	808	706	726	838	762	848	818	762	748	764	826	752	764	748	838	820	772	804	702	750	762	754	842	780	826	778	778	830	786	754	792	780	730	808	778	740	736	696	774	784	744	722	710	752	786	726	746	772	724	794	802	720	754	882	742	702	828	734	810	846	752	704	776	814	772	726	676	706	736	762	736	680	818	758	760	776	756	790
	788	762	796	738	752	834	728	770	846	766	704	762	706	724	838	762	828	772	756	734	694	878	796	706	788	724	778	770	718	796	766	806	706	724	838	754	838	816	758	740	762	824	752	762	746	828	816	768	798	700	742	762	754	834	780	818	774	766	828	784	752	788	774	728	804	776	738	734	692	770	782	742	716	708	750	774	724	746	772	722	788	802	718	752	878	736	694	822	730	806	846	752	700	772	812	766	726	666	704	734	762	736	680	816	746	760	776	756	790
	788	760	794	734	748	832	718	768	840	756	696	758	702	718	836	756	824	770	756	730	694	858	792	706	788	710	774	758	716	794	766	806	702	718	836	750	834	814	758	738	760	824	752	760	742	828	806	764	794	696	740	758	748	832	776	816	772	766	828	784	746	786	770	718	794	768	732	730	692	768	782	740	716	702	744	770	724	742	770	718	780	798	710	752	874	734	682	816	728	802	840	748	698	770	806	756	726	660	696	734	758	730	674	812	746	758	774	752	782
	784	754	788	734	748	830	714	756	836	752	696	756	702	716	826	750	814	770	754	722	694	844	788	704	788	700	770	758	716	788	764	806	702	716	826	740	826	812	758	738	748	822	752	760	738	822	798	760	792	690	734	756	746	830	776	812	764	762	828	784	744	784	766	714	794	762	726	730	688	756	780	738	716	702	742	762	720	736	770	716	780	794	696	746	868	728	678	806	728	800	836	746	686	768	804	752	724	660	696	722	756	730	674	802	750	756	768	740	782
	784	756	788	730	748	824	708	754	828	752	690	748	700	708	824	748	808	770	754	718	690	838	788	704	788	690	764	752	716	788	762	806	700	708	824	736	822	804	758	736	742	816	748	758	738	818	798	758	780	682	728	744	746	824	766	808	762	762	828	782	742	780	764	708	794	752	724	726	682	754	776	734	716	698	740	758	708	736	764	714	778	794	692	738	868	726	670	798	728	796	828	738	684	768	794	752	724	660	690	720	748	726	674	792	732	750	766	740	780
	782	748	788	718	746	820	702	750	826	732	690	742	700	706	816	748	804	770	754	710	686	832	786	704	786	688	762	750	710	788	760	798	700	706	816	728	818	798	758	732	742	814	746	752	736	814	798	754	772	678	720	740	746	820	762	806	758	758	828	780	730	774	764	702	794	752	720	714	682	750	768	732	716	698	730	754	702	732	760	712	772	794	688	738	860	724	664	794	726	792	826	724	676	762	792	732	724	656	690	716	742	722	674	792	732	746	760	740	776
	778	748	788	716	746	820	698	746	816	726	690	742	700	706	810	744	800	770	752	708	676	826	780	700	782	686	758	750	704	788	760	790	700	706	810	726	812	790	756	730	732	812	742	742	734	810	798	750	762	672	720	736	740	820	760	798	752	756	814	776	728	766	762	698	788	746	718	708	682	746	768	732	714	698	724	752	702	730	760	710	768	792	676	734	858	720	654	794	726	782	816	720	670	758	790	726	716	650	690	714	742	722	674	790	732	746	754	740	776
	776	744	788	712	746	814	694	742	812	726	692	738	698	706	806	736	798	750	752	704	674	824	774	698	782	682	756	748	704	788	758	790	698	706	806	716	812	786	754	722	726	806	740	736	730	810	798	746	762	670	720	728	734	814	756	796	746	754	814	770	728	760	760	694	788	742	710	706	682	742	768	732	714	698	718	750	702	728	760	708	762	782	674	730	858	714	646	794	724	778	812	718	660	754	790	726	706	650	692	714	738	718	674	788	730	736	752	738	776
	776	746	782	710	746	814	686	740	804	726	690	730	690	706	800	732	790	734	752	700	668	822	766	696	782	676	752	746	702	782	754	784	690	706	800	714	812	772	754	720	726	802	742	732	728	808	798	742	758	670	718	728	734	814	752	792	742	748	814	768	720	752	754	686	788	734	710	704	680	740	764	722	710	696	712	746	696	726	760	708	762	782	670	726	854	712	644	794	712	776	804	718	656	750	788	726	706	646	690	714	730	718	666	776	720	728	748	734	776
	770	744	782	706	746	810	686	736	794	714	684	730	682	706	800	730	782	728	744	698	662	822	762	696	782	674	752	744	704	782	748	784	682	706	800	708	812	768	754	716	724	802	742	730	724	806	796	736	758	668	716	722	730	810	752	780	740	744	814	766	720	750	752	686	786	736	710	704	676	736	762	722	706	696	712	740	694	726	758	704	756	774	666	714	846	712	634	794	708	772	794	718	652	746	786	714	700	642	684	710	730	714	666	774	718	726	748	732	774
	770	746	782	702	736	810	686	736	782	710	676	728	670	704	796	730	780	724	738	696	660	822	762	698	782	666	752	742	700	782	738	782	670	704	796	700	808	758	754	714	720	802	730	726	724	806	796	734	750	668	714	722	728	810	752	776	728	742	814	764	718	748	746	686	784	730	708	694	674	736	758	722	700	696	708	736	694	724	758	704	752	770	666	708	840	706	634	794	706	770	782	716	650	742	786	710	698	640	676	710	728	710	658	764	708	726	748	728	772
	762	742	780	700	736	806	682	732	778	706	668	728	668	702	792	730	780	716	738	696	656	812	762	694	776	664	748	742	694	780	738	778	668	702	792	700	806	748	752	710	720	802	730	722	718	804	796	732	748	668	712	716	728	806	750	770	728	742	814	760	714	748	740	682	784	712	704	688	672	732	754	722	698	696	710	734	684	718	758	702	744	760	666	706	840	706	630	784	704	768	778	712	652	740	786	706	696	638	668	710	728	710	652	762	712	724	748	726	768
	756	730	780	696	734	806	676	730	778	704	662	728	664	698	792	728	774	716	734	692	648	808	762	688	760	660	748	732	692	780	734	768	664	698	792	696	802	746	752	710	720	800	732	720	708	798	796	730	746	666	710	716	728	806	748	768	726	742	814	758	714	740	740	676	784	706	698	682	672	730	752	722	698	696	714	730	674	716	756	702	736	758	658	706	836	696	630	784	692	764	778	708	648	738	786	704	694	638	662	708	728	710	652	756	704	724	748	718	768
	752	720	780	694	734	798	672	730	776	704	656	728	654	696	788	726	770	712	728	690	648	806	758	684	760	658	748	732	694	780	726	766	654	696	788	692	800	738	752	710	716	796	726	720	706	796	796	730	738	658	712	714	728	798	746	768	726	734	814	746	712	740	740	672	784	706	690	682	670	730	752	722	692	696	706	724	670	702	754	700	732	758	656	706	836	690	628	784	692	762	776	706	646	738	780	704	690	636	656	702	728	710	652	756	704	722	748	714	764
	750	718	780	690	732	794	672	730	774	694	658	728	644	696	780	720	766	708	722	690	648	806	758	684	756	648	746	726	688	780	724	764	644	696	780	686	798	734	746	710	708	796	730	720	706	796	796	730	738	656	710	714	730	794	742	768	726	736	814	744	712	740	740	672	780	708	688	680	672	730	750	722	692	696	706	722	668	692	752	696	732	752	654	706	836	688	624	776	688	760	774	704	648	736	780	694	688	634	658	700	728	706	648	756	706	720	744	710	758
	746	712	776	688	732	784	666	724	774	680	656	728	634	696	780	718	760	708	722	690	646	806	750	688	756	640	744	722	686	776	718	764	634	696	780	686	798	730	744	708	708	794	728	714	704	796	796	728	732	656	710	714	728	784	742	768	724	736	812	748	710	734	740	666	776	704	680	676	668	724	744	722	688	694	706	720	664	690	752	696	730	752	646	704	836	682	620	770	682	760	774	700	646	736	780	680	682	634	656	700	728	702	646	756	712	718	744	708	758
	746	708	776	688	722	782	662	718	772	680	652	728	628	696	778	714	760	708	722	690	640	806	750	686	754	634	736	708	684	776	712	764	628	696	778	678	798	726	742	712	710	792	722	712	702	794	794	728	730	656	708	714	732	782	742	768	724	732	810	744	712	732	740	662	774	702	678	672	662	718	742	722	686	694	700	712	660	686	746	692	726	748	644	704	836	678	614	770	682	760	772	698	638	734	780	680	682	632	652	700	728	702	646	756	706	716	744	706	756
	744	708	776	686	724	780	658	714	772	678	652	728	628	696	778	710	758	708	716	690	640	806	746	686	754	632	736	704	684	776	712	764	628	696	778	678	796	720	742	708	708	792	720	710	698	792	790	728	728	654	706	710	732	780	742	768	724	728	802	740	706	732	740	658	776	696	678	668	666	714	740	718	686	694	696	712	660	680	746	692	728	746	638	702	834	678	612	770	678	758	772	698	642	730	776	678	680	632	652	698	728	698	646	754	704	716	744	706	756
	744	706	776	686	724	778	658	704	766	674	650	726	616	696	778	706	756	708	712	690	640	806	746	682	748	632	734	702	680	776	712	764	616	696	778	678	796	722	742	706	708	790	722	708	698	790	790	728	724	652	708	708	728	778	742	766	724	728	802	736	704	724	740	658	774	690	674	666	664	704	736	714	686	692	694	706	658	680	746	692	726	746	636	696	832	676	610	770	670	758	766	696	628	728	772	674	678	632	650	696	726	698	642	744	702	716	742	706	752
	744	698	776	686	720	776	658	698	764	670	656	724	614	696	778	704	756	706	706	690	640	806	742	690	748	630	734	700	684	776	712	764	614	696	778	678	790	720	740	710	704	790	722	708	696	784	788	726	718	648	708	708	732	776	742	768	724	728	798	736	704	722	740	658	776	698	674	668	660	698	734	714	684	692	692	702	658	680	746	690	720	738	636	686	832	672	610	768	670	756	764	690	620	724	772	670	676	630	656	694	724	692	642	738	700	716	742	700	752
	744	704	776	686	720	776	656	694	764	668	650	724	616	696	778	702	754	706	698	688	640	806	740	678	746	630	734	698	680	776	712	764	616	696	778	676	788	720	736	706	702	794	722	704	692	782	788	724	718	648	706	708	732	776	740	762	724	732	798	732	698	718	740	656	772	686	674	664	660	694	730	714	684	688	690	692	658	676	744	688	714	736	630	680	832	662	606	758	664	756	764	690	622	724	772	668	672	630	650	692	724	692	640	736	688	714	740	698	752
	742	708	776	684	718	776	654	692	764	668	650	724	618	692	776	702	750	706	696	686	640	806	738	678	742	626	726	694	680	776	712	764	618	692	776	672	780	714	730	700	702	790	718	702	692	778	786	722	718	638	706	706	730	776	738	756	724	728	798	732	696	718	738	654	774	692	674	654	660	692	724	714	680	688	674	692	654	674	746	688	712	732	622	680	832	660	602	756	662	756	764	690	608	724	772	668	672	630	650	692	724	690	640	732	686	714	726	696	750
	738	698	774	684	714	772	650	682	764	668	650	724	612	692	776	702	748	706	688	684	638	802	738	674	734	626	724	692	682	774	712	762	612	692	776	666	772	708	728	698	702	792	716	702	692	776	786	720	718	636	708	706	728	772	734	756	724	730	796	732	696	718	736	650	772	690	674	652	652	682	716	712	676	688	664	686	654	670	744	682	714	732	618	680	832	656	594	756	662	752	764	688	618	724	768	668	670	630	650	692	724	686	640	732	686	714	724	696	748
	734	696	774	684	706	766	650	682	764	668	648	724	614	688	774	702	746	706	686	684	634	802	736	674	726	626	722	692	682	774	712	762	614	688	774	668	772	704	726	694	706	790	714	702	690	772	784	720	718	636	706	706	728	766	734	754	724	728	796	728	696	718	738	650	766	692	674	652	654	682	716	708	676	686	658	686	654	670	742	678	708	732	618	678	828	652	592	754	662	752	764	684	608	724	768	668	670	630	648	692	724	680	640	730	682	714	722	696	746
	734	704	774	684	704	762	650	680	764	666	648	724	612	688	768	696	746	706	686	684	630	802	736	674	726	624	722	688	680	774	710	762	612	688	768	664	770	710	722	688	700	788	718	702	688	766	784	720	708	636	710	706	730	762	734	752	724	730	796	726	688	714	736	650	764	688	674	640	654	680	710	706	674	686	658	686	654	670	742	680	700	732	610	672	824	652	584	752	660	752	764	684	606	720	766	666	670	630	648	690	724	680	640	734	678	710	718	696	746
	730	702	770	682	698	752	650	682	762	666	654	724	608	688	764	696	746	706	680	684	630	796	730	674	722	620	720	688	682	770	708	760	608	688	764	666	770	706	716	690	702	788	712	702	688	764	782	720	706	630	706	694	722	752	734	748	724	730	792	732	684	710	736	650	758	690	674	640	652	682	708	708	670	684	650	686	652	670	740	678	702	730	606	672	824	652	580	750	660	752	762	684	600	720	764	666	670	630	654	686	724	680	638	734	670	710	716	696	746
	724	698	770	682	696	746	650	684	762	666	650	724	608	686	758	696	738	706	676	684	626	794	732	672	722	618	718	688	676	770	706	758	608	686	758	660	770	704	710	690	700	790	712	702	682	764	782	720	702	624	706	686	722	746	730	744	724	728	780	732	680	708	738	650	758	674	674	638	652	684	704	702	670	684	648	686	654	668	740	678	698	730	604	670	824	652	580	748	660	748	762	678	604	720	764	666	668	628	650	682	724	680	638	724	668	710	714	696	746
	722	692	768	674	698	740	650	682	752	666	652	724	608	686	754	696	728	706	674	684	624	788	734	672	720	616	714	686	678	768	700	758	608	686	754	656	770	706	710	692	698	796	708	702	676	760	780	720	700	622	706	686	724	740	728	744	724	726	780	728	682	706	736	650	760	682	672	636	650	682	696	702	666	684	644	686	656	664	740	680	700	728	604	666	824	652	578	748	660	744	752	676	606	720	760	666	664	628	652	678	724	680	638	726	670	710	712	696	746
	722	692	768	674	696	740	650	684	752	666	648	722	612	686	754	694	724	704	676	684	616	784	732	670	720	614	710	686	678	768	700	756	612	686	754	652	764	712	706	688	702	786	700	700	674	758	780	720	700	618	704	686	724	740	728	744	724	732	774	728	682	704	734	650	756	672	672	636	652	684	696	704	660	686	644	682	652	662	740	678	694	730	604	662	822	652	578	748	656	744	752	676	604	720	758	666	660	628	648	678	722	680	632	724	666	710	712	694	742
	722	684	766	674	692	738	648	680	746	666	644	718	604	686	752	694	722	708	680	682	614	784	728	674	720	614	706	684	682	766	698	752	604	686	752	654	762	700	704	692	704	788	700	698	674	758	780	720	700	616	696	684	720	738	728	742	724	728	772	722	678	700	734	648	756	684	672	630	650	680	694	700	656	682	642	672	654	660	740	676	696	730	602	662	822	652	578	742	650	738	746	676	610	720	758	666	658	628	644	670	718	680	628	718	658	710	712	694	742
	720	686	766	672	694	734	648	680	744	666	652	718	606	686	748	694	720	704	674	682	614	784	726	672	722	610	704	682	676	766	694	752	606	686	748	652	762	696	704	690	696	784	698	694	672	748	780	720	696	616	696	680	724	734	730	740	724	726	764	714	674	700	726	648	756	680	670	628	650	680	692	700	656	684	640	672	658	660	736	676	696	728	604	662	820	648	578	742	650	734	744	676	608	716	752	666	656	628	652	668	718	676	626	716	664	708	712	694	742
	720	682	766	668	690	732	642	686	744	664	648	718	606	686	742	694	718	700	670	680	614	784	728	660	720	608	700	682	676	766	690	754	606	686	742	652	760	696	704	690	694	782	700	694	670	746	780	720	692	618	696	680	722	732	734	736	724	728	760	710	672	698	728	642	742	668	670	620	648	686	698	702	652	682	640	670	654	660	736	674	688	726	596	662	820	648	578	742	650	726	744	676	606	716	746	664	656	624	648	664	718	674	624	714	664	708	712	694	742
	716	684	764	668	694	728	638	678	744	660	652	718	608	684	740	694	716	700	674	680	614	784	724	656	722	608	700	682	676	764	688	752	608	684	740	648	764	694	704	688	696	784	702	694	672	746	780	718	690	616	688	682	712	728	726	734	724	728	760	718	676	694	732	638	750	664	670	620	654	678	688	696	644	684	638	670	650	660	736	670	692	728	594	662	818	648	578	742	650	724	744	676	600	710	744	660	656	624	652	658	718	674	624	716	656	706	712	694	738
	714	664	764	668	692	722	638	678	748	660	640	718	602	678	734	688	718	694	668	680	614	784	724	668	712	608	700	682	676	764	688	752	602	678	734	650	760	700	704	690	694	780	702	690	670	746	778	718	686	616	686	680	714	722	730	734	724	732	756	710	674	692	726	638	740	676	670	618	650	678	682	698	642	684	636	670	650	660	736	674	688	722	594	664	818	652	576	742	652	720	748	672	602	708	744	660	656	624	640	652	718	674	622	718	664	704	712	694	738
	714	670	764	666	692	722	638	674	746	660	644	718	602	676	734	688	716	694	664	680	612	784	722	660	718	608	700	682	676	764	686	756	602	676	734	650	758	692	704	690	692	778	702	690	668	744	778	718	680	614	684	682	716	722	726	734	724	726	756	712	676	688	726	638	742	672	670	616	650	674	676	694	636	684	632	666	648	660	738	666	684	720	596	662	816	646	570	742	648	724	746	672	600	706	744	660	656	624	644	652	718	674	620	714	662	704	712	690	738
	712	684	764	660	696	722	638	678	744	660	652	718	604	676	734	688	716	694	666	678	612	780	726	656	714	608	700	682	678	764	686	754	604	676	734	650	758	684	704	686	692	780	700	690	662	742	778	718	680	614	682	672	706	722	724	732	724	736	756	706	672	684	730	638	746	668	670	614	646	678	670	698	634	682	634	666	644	662	736	668	688	716	598	662	816	650	570	742	650	718	744	672	604	702	744	660	656	624	652	650	718	674	620	712	654	702	712	690	738
	706	668	764	658	694	722	638	674	746	656	640	718	604	676	728	688	718	694	662	680	612	776	726	666	708	608	698	678	676	764	686	752	604	676	728	654	760	678	704	680	690	778	694	682	662	742	778	718	678	614	686	670	710	722	728	728	724	730	754	702	674	682	728	638	744	692	666	612	640	674	672	696	626	684	624	666	646	660	736	668	682	714	596	664	808	640	570	742	648	724	746	672	600	694	744	656	656	620	640	642	718	672	620	710	662	702	708	690	738
	706	670	764	650	684	722	638	672	746	652	644	718	602	676	726	684	718	694	668	678	612	764	726	660	708	608	698	674	672	764	686	750	602	676	726	652	760	684	704	682	690	780	690	680	658	742	778	718	678	614	686	674	704	722	722	728	720	730	752	706	668	676	722	638	742	676	666	612	644	672	674	694	624	684	620	664	644	656	730	668	680	716	592	662	812	642	566	736	646	718	746	668	600	694	744	652	656	620	644	642	718	666	616	710	662	704	708	690	738
	706	676	764	646	688	722	638	678	740	652	652	718	604	676	726	680	716	696	658	678	612	762	728	656	708	606	698	668	672	764	680	748	604	676	726	646	760	684	700	676	688	778	696	680	658	742	778	718	680	610	682	656	704	722	722	728	718	728	752	700	668	674	722	638	740	662	664	608	632	678	674	694	622	680	620	664	634	658	730	676	676	716	592	660	810	640	564	736	644	722	740	668	600	694	744	652	656	620	652	638	718	664	616	712	654	702	706	690	732
	704	668	760	642	680	722	636	672	738	652	640	718	604	676	724	680	716	692	660	678	612	758	722	666	708	606	698	666	672	760	682	750	604	676	724	652	758	680	700	674	684	776	694	680	658	742	776	718	680	606	686	656	698	722	724	728	710	724	752	702	666	668	718	636	732	676	664	604	640	672	674	702	622	684	618	664	632	652	728	666	674	714	590	660	808	640	562	736	640	714	738	668	600	694	744	652	656	620	640	636	718	664	616	704	660	702	700	690	732
	704	664	760	642	680	722	632	672	736	652	644	718	606	676	722	680	716	692	658	676	612	758	730	658	698	606	698	664	674	760	680	746	606	676	722	640	758	680	700	680	684	774	690	674	658	742	770	718	676	606	682	652	696	722	724	728	704	720	752	706	670	668	718	632	716	664	664	602	642	672	672	696	622	682	614	664	632	650	728	660	672	714	590	656	802	636	564	732	642	714	736	668	588	694	744	652	656	620	644	630	718	664	614	710	662	704	698	688	732
	704	678	760	642	682	722	630	672	734	652	652	718	604	676	722	680	714	694	662	670	612	758	722	654	696	606	698	664	670	760	680	754	604	676	722	634	754	676	694	670	682	760	702	676	656	742	768	718	678	606	686	648	698	722	714	728	704	710	752	702	668	668	716	630	728	660	664	600	634	672	674	696	622	680	614	658	634	646	728	668	676	714	594	656	800	638	564	728	642	716	734	668	592	694	742	652	656	620	652	630	718	666	612	702	654	702	702	688	732
	704	658	754	642	676	722	630	664	736	652	640	718	600	676	720	680	714	696	668	670	612	754	720	666	692	606	696	664	662	754	680	752	600	676	720	636	758	676	696	670	684	754	692	676	658	740	768	718	678	606	688	648	704	722	706	728	704	706	752	702	668	668	716	630	718	666	664	600	642	664	678	702	620	682	616	658	638	646	728	660	672	714	592	660	802	640	564	728	642	712	736	666	586	692	742	652	656	620	640	628	718	662	612	702	662	702	700	686	726
	704	660	752	642	682	722	628	662	732	652	644	718	602	676	720	680	718	688	668	670	612	752	722	656	696	606	694	660	660	752	680	746	602	676	720	638	754	668	694	676	686	754	688	676	656	740	764	718	676	604	688	650	694	722	708	728	698	708	752	706	668	668	714	628	712	658	664	600	642	662	678	692	620	680	614	656	634	650	730	652	674	714	588	660	798	634	560	728	642	708	732	664	584	692	738	652	656	620	644	626	718	664	612	700	658	702	698	686	724
	704	674	752	638	678	722	628	662	734	652	650	716	604	676	720	676	718	690	668	666	612	752	718	648	690	606	694	660	660	752	680	748	604	676	720	636	754	672	694	664	682	750	694	672	656	738	764	718	676	600	692	644	696	722	712	728	698	708	750	702	668	662	712	628	720	648	664	598	636	662	674	698	620	678	612	654	628	648	728	650	676	714	590	660	802	624	558	728	644	712	734	664	572	692	738	652	654	620	650	624	716	664	612	704	650	702	698	684	720
	702	660	752	638	672	722	628	668	734	652	638	716	602	676	720	674	716	690	660	666	612	752	720	658	688	608	694	656	666	752	678	748	602	676	720	632	750	668	690	660	684	748	686	674	660	738	760	718	676	600	684	648	694	722	710	730	698	706	738	702	674	662	712	628	712	646	664	598	642	668	670	700	618	676	608	648	630	644	732	654	676	718	588	666	802	622	558	726	644	718	734	664	572	692	738	652	654	620	638	618	716	662	612	696	658	702	702	684	722
	702	658	752	638	672	722	624	672	738	652	640	718	598	676	720	674	718	688	664	666	612	752	720	648	690	608	694	656	664	752	676	744	598	676	720	634	748	674	690	668	684	750	690	672	658	738	750	718	676	594	686	644	698	722	706	730	694	706	728	702	670	662	714	624	708	660	664	598	642	672	672	696	618	674	604	650	628	640	728	658	672	718	588	650	798	624	554	726	642	718	738	664	576	692	736	652	654	620	640	618	718	662	612	696	658	702	700	682	718
	708	672	752	638	672	722	624	670	734	652	648	718	600	676	720	676	714	690	666	664	610	750	718	638	688	600	698	656	664	752	676	740	600	676	720	632	748	662	690	656	688	744	692	674	658	738	750	718	674	592	686	642	700	722	706	728	694	710	728	698	672	656	712	624	718	650	664	596	634	670	664	700	616	670	606	650	618	630	732	646	672	718	590	648	794	622	554	726	642	718	734	664	578	692	734	652	654	620	648	616	718	668	610	692	650	706	698	678	718
	704	646	752	638	676	722	624	672	732	652	636	716	598	676	720	676	714	690	676	660	608	750	718	650	688	600	696	656	660	752	676	744	598	676	720	630	750	666	690	656	680	738	680	680	656	738	752	718	672	586	686	644	692	722	706	726	692	704	722	696	672	656	714	624	710	656	664	594	644	672	668	698	616	672	602	650	612	632	730	642	674	712	590	654	802	622	556	726	646	710	732	664	568	692	734	652	654	620	636	616	716	662	610	688	656	702	692	678	718
	704	646	752	638	674	720	624	666	732	652	640	714	600	676	720	670	714	686	674	660	608	750	714	642	686	598	690	656	664	752	674	750	600	676	720	636	752	664	690	662	678	742	672	672	656	738	750	718	682	584	692	630	694	720	702	726	692	704	720	700	670	656	710	624	706	652	664	594	642	666	656	690	614	668	598	648	606	628	728	652	676	714	596	658	796	620	554	726	646	712	732	664	570	692	734	652	654	618	640	616	714	662	608	696	656	702	692	678	718
	702	646	752	634	672	720	624	668	730	652	648	714	602	676	720	672	718	688	664	662	608	750	720	638	688	600	688	654	662	752	674	732	602	676	720	632	750	658	686	650	672	746	676	674	656	734	750	718	676	584	688	630	686	720	702	726	688	704	718	696	674	656	712	624	718	640	664	594	632	668	656	688	610	670	594	650	604	628	728	642	674	712	588	656	790	622	554	726	642	710	730	664	564	692	734	652	652	620	648	618	714	662	608	692	650	702	686	678	718
	704	634	752	632	670	718	624	664	732	652	636	712	604	676	718	668	716	686	658	660	608	750	720	650	686	602	690	652	668	752	674	732	604	676	718	632	746	656	682	654	674	742	674	674	654	728	750	718	672	584	686	630	686	718	704	722	688	704	718	696	668	654	714	624	708	642	664	594	640	664	658	696	606	668	596	650	606	626	728	638	676	710	582	652	788	624	560	726	640	708	732	660	564	692	734	652	652	618	636	618	712	662	606	696	656	706	688	674	720
	702	636	752	630	668	718	622	666	734	652	640	710	598	674	712	672	716	690	672	660	610	750	714	642	684	604	688	650	660	752	674	742	598	674	712	628	742	662	682	660	670	744	668	674	650	726	752	718	678	584	686	628	686	718	702	722	686	702	718	698	672	652	708	622	706	638	666	596	644	666	660	694	606	670	594	650	606	626	728	638	676	712	584	656	786	622	550	726	652	714	734	660	568	692	734	652	652	620	640	614	710	664	608	692	656	702	686	674	714
	702	650	754	630	668	716	622	662	734	656	648	710	604	674	712	668	716	686	662	660	610	750	720	638	686	598	690	650	660	754	672	728	604	674	712	634	742	660	682	650	674	740	670	678	652	726	752	718	674	584	686	632	690	716	706	722	684	702	714	696	668	652	708	622	714	636	660	592	630	662	662	692	606	668	592	648	614	626	728	636	676	712	584	652	792	620	546	724	642	704	734	660	564	692	734	656	648	618	648	606	710	666	608	694	648	702	684	674	710
	702	628	752	630	668	716	620	670	732	650	636	712	600	668	706	670	714	686	660	662	608	750	718	650	682	598	690	650	658	752	672	734	600	668	706	636	742	656	682	654	670	748	664	670	652	722	750	718	678	584	682	636	680	716	704	722	684	706	712	696	668	652	712	620	708	642	658	592	640	670	660	696	606	668	586	652	608	626	732	642	676	710	580	656	790	618	550	724	638	694	732	662	564	692	734	650	648	618	636	604	712	666	606	692	648	704	688	672	710
	698	632	754	630	666	716	616	658	736	652	638	712	596	668	700	664	722	680	676	658	608	750	714	640	684	598	688	646	664	754	672	740	596	668	700	636	746	660	680	660	664	744	666	670	650	718	744	716	674	584	684	628	680	716	698	722	680	702	712	696	670	652	708	616	704	650	658	600	638	658	660	696	606	660	588	650	616	618	728	640	676	706	584	654	792	618	544	724	644	702	736	662	568	692	734	652	648	620	638	612	712	668	606	698	646	700	684	672	714
	698	640	750	630	660	716	616	658	738	654	646	710	596	668	700	662	716	678	666	660	608	750	718	632	688	600	686	644	656	750	672	728	596	668	700	634	744	660	682	650	664	740	666	668	650	718	740	716	676	580	690	632	684	716	698	722	676	702	708	690	668	650	712	616	714	622	658	592	632	658	656	698	606	662	584	654	610	624	728	640	674	708	584	642	786	612	546	724	648	694	738	658	564	692	728	654	650	618	646	600	710	666	610	694	634	700	684	668	702
	702	628	752	630	658	716	612	656	734	652	634	710	600	668	700	660	714	676	664	656	612	750	714	644	688	600	686	644	658	752	674	730	600	668	700	632	742	660	680	654	660	740	662	666	650	718	740	716	682	576	688	626	690	716	690	722	678	704	704	688	670	650	704	612	708	638	658	596	636	656	654	690	606	670	584	654	612	612	726	640	670	708	578	648	788	614	544	718	640	688	734	660	564	692	726	652	644	616	634	604	710	660	606	696	642	700	686	666	702
	698	628	750	628	662	716	612	664	738	652	638	706	600	668	698	652	722	676	676	658	612	746	718	636	686	600	684	644	654	750	672	734	600	668	698	628	746	664	688	662	660	742	662	670	652	720	734	716	672	574	680	614	684	716	692	720	672	700	694	688	668	650	708	612	700	632	654	592	636	664	662	694	606	662	586	652	610	614	722	642	672	706	582	638	786	614	548	716	638	700	738	664	568	692	720	652	644	618	638	610	706	666	606	684	642	700	682	666	704
	698	642	752	624	654	716	610	652	742	650	646	706	594	668	698	654	716	680	660	658	610	744	712	630	686	598	686	644	656	752	676	724	594	668	698	630	742	660	680	650	664	750	666	670	654	718	736	716	680	574	686	628	686	716	694	714	672	700	690	686	672	640	710	610	708	624	654	592	634	652	658	688	604	658	586	652	614	612	722	646	674	704	580	646	786	618	544	710	642	690	742	664	564	692	718	650	642	618	646	600	706	668	606	692	628	698	684	666	702
	704	624	754	624	648	716	610	652	732	650	634	710	600	668	698	648	714	674	656	660	608	742	718	640	682	600	684	644	658	754	674	726	600	668	698	628	746	662	680	648	660	746	660	672	652	720	736	716	680	574	684	622	680	716	690	712	672	704	682	686	670	638	710	610	702	626	652	594	634	652	656	694	600	664	586	648	608	610	718	636	674	700	584	646	778	612	544	706	642	686	732	660	562	692	718	650	638	616	634	600	710	662	608	684	632	700	682	662	704
	696	630	750	624	648	716	612	646	736	650	638	710	594	674	698	648	722	672	672	664	604	742	718	632	680	600	678	640	656	750	672	736	594	674	698	626	740	674	678	654	656	742	662	670	654	718	734	716	682	572	682	610	688	716	694	712	676	696	680	686	678	638	708	612	698	634	650	596	636	646	666	692	592	660	590	646	608	612	722	638	670	696	588	636	774	616	548	702	640	698	736	658	564	692	718	650	636	612	638	606	710	666	606	674	630	698	682	664	698
	690	632	756	624	646	716	608	652	736	650	646	706	600	672	698	644	716	672	654	652	600	742	716	626	680	598	678	640	654	756	672	724	600	672	698	620	744	662	672	646	658	746	670	666	650	720	736	716	674	574	680	616	672	716	694	712	676	696	682	676	668	638	708	608	708	622	650	592	634	652	660	680	590	654	586	646	608	614	718	630	668	704	586	642	778	614	550	700	644	692	736	664	552	692	718	650	636	614	646	596	706	660	606	678	620	700	682	668	698
	690	620	752	624	642	716	610	648	720	648	634	708	598	668	698	642	714	672	652	652	602	742	718	638	686	598	676	640	656	752	672	720	598	668	698	624	746	660	674	648	656	740	662	664	652	724	736	716	674	568	684	616	672	716	696	710	674	698	680	674	672	638	710	610	696	632	650	592	638	648	660	690	584	658	586	652	612	622	720	640	674	694	582	648	778	616	546	694	640	686	720	662	546	692	718	648	638	618	634	592	708	660	606	674	618	700	686	662	700
	694	612	752	624	636	716	608	648	724	648	638	706	598	668	698	644	722	666	660	648	602	740	718	630	682	602	684	640	650	752	674	730	598	668	698	632	746	640	672	656	666	748	662	676	650	718	730	716	678	570	684	610	672	716	690	706	670	692	678	676	670	638	702	608	690	630	648	594	628	648	668	682	582	654	588	648	610	612	720	650	668	700	576	636	772	616	540	692	648	700	724	662	548	692	718	648	636	608	638	596	706	672	606	670	618	700	686	668	698
	688	638	750	624	624	716	608	652	728	650	646	704	596	676	700	642	716	668	656	652	602	740	714	622	678	602	680	640	656	750	670	724	596	676	700	620	744	638	672	644	656	740	664	672	648	720	736	716	674	566	682	618	672	716	694	706	672	694	674	674	668	638	698	608	700	616	648	592	634	652	662	672	582	656	586	654	604	612	722	634	672	698	580	652	772	624	540	692	640	690	728	664	544	692	718	650	634	612	646	582	704	664	606	680	610	696	680	664	698
	684	608	752	624	620	716	612	646	712	646	636	710	596	668	700	638	714	666	650	654	594	738	716	632	682	598	680	640	650	752	672	722	596	668	700	622	740	652	680	648	662	742	656	668	652	716	732	716	672	562	682	608	660	716	690	702	670	696	674	672	668	638	706	612	692	628	650	592	628	646	668	678	576	660	590	646	604	606	722	634	666	694	578	648	764	614	542	690	640	686	712	660	544	692	718	646	638	614	636	584	710	658	606	668	616	694	684	666	698
