	0	0	0	0	0	0	0	0	0	0	0	0	0	0	0	0	0	0	0	0	0	0	0	0	0	0	0	0	0	0	0	0	0	0	0	0	0	0	0	0	0	0	0	0	0	0	0	0	0	0	0	0	0	0	0	0	0	0	0	0	0	0	0	0	0	0	0	0	0	0	0	0	0	0	0	0	0	0	0	0	0	0	0	0	0	0	0	0	0	0	0	0	0	0	0	0	0	0	0	0	0	0	0	0	0	0	0	0	0
	950	958	1004	964	968	1004	982	982	982	1034	990	998	976	954	1012	980	944	1006	982	996	1016	952	946	988	980	964	916	958	984	932	986	996	984	1000	982	940	1006	992	966	990	980	952	1002	984	1002	986	1002	968	956	948	1016	994	954	938	984	998	946	980	990	954	986	978	992	976	980	984	960	970	936	990	974	950	962	988	980	958	968	988	996	1010	958	958	960	998	960	952	972	986	976	994	970	926	1016	982	988	932	942	984	978	976	1004	1002	946	988	966	952	924	976	988
	748	760	782	750	748	774	748	756	754	802	776	794	788	750	754	762	714	716	792	802	802	710	756	772	770	738	730	754	792	730	740	776	782	736	706	738	774	756	746	780	758	728	774	756	746	740	780	770	794	752	752	752	754	744	782	742	720	756	766	766	738	752	784	758	736	772	770	758	742	738	784	752	770	790	744	738	730	762	770	778	762	756	758	808	776	750	710	780	756	738	746	728	796	788	760	752	722	724	736	776	796	772	726	778	724	750	714	782	780
	662	642	690	636	660	666	648	656	626	694	664	700	676	668	666	636	610	600	680	714	678	624	634	690	678	638	628	634	684	636	656	668	688	648	622	614	678	666	646	672	644	628	650	648	640	620	678	662	648	650	662	658	640	634	656	638	620	622	654	650	656	668	678	642	654	686	672	644	648	618	698	684	666	710	624	624	610	634	656	686	656	640	632	706	682	654	622	688	656	648	648	622	670	674	668	650	616	618	642	688	684	690	614	688	624	644	618	674	692
	586	590	624	590	596	614	592	620	562	636	594	634	590	608	588	594	556	554	598	636	596	560	566	616	618	582	560	592	632	584	618	604	622	576	544	560	616	596	586	602	590	562	592	596	584	560	628	624	586	596	592	590	588	560	588	604	572	578	604	598	598	618	624	582	598	632	604	588	588	560	622	624	606	654	572	562	550	586	594	612	606	574	564	664	614	586	572	592	604	582	580	558	606	618	622	598	564	544	572	618	608	634	532	634	580	586	558	588	618
	540	560	568	554	546	572	558	582	504	592	558	606	542	574	558	558	534	534	564	586	560	530	540	568	546	532	514	554	572	562	576	560	562	544	512	520	574	558	544	544	540	518	562	574	550	528	580	568	540	530	534	562	548	522	546	550	528	544	534	566	556	578	584	538	568	578	550	548	560	536	594	588	562	598	540	528	514	558	554	570	554	542	538	632	564	554	530	536	554	540	548	530	572	576	574	566	518	512	542	572	546	596	480	598	532	542	516	540	590
	512	528	536	522	516	550	534	556	478	546	530	580	508	556	538	524	512	524	534	540	526	500	520	530	508	502	482	534	528	530	544	532	528	516	494	510	538	520	508	516	510	482	532	538	530	498	550	534	510	502	520	540	528	508	520	526	508	522	498	532	534	544	546	506	544	540	512	524	526	518	582	552	546	580	514	502	494	534	524	546	520	512	502	604	546	534	512	506	520	500	520	506	542	536	536	524	492	486	520	538	506	562	468	574	488	508	500	518	538
	492	502	524	498	502	534	516	538	464	526	508	550	492	536	514	494	490	512	514	516	512	476	504	498	488	486	468	522	512	510	518	490	496	478	476	478	514	490	490	496	490	442	518	512	506	480	526	520	492	486	504	516	496	502	508	508	490	502	478	512	512	512	522	490	528	512	498	502	510	498	566	522	528	556	492	488	478	520	488	532	508	488	476	588	544	510	496	494	508	474	490	484	520	526	512	494	482	468	508	520	486	546	442	562	474	484	488	496	510
	476	484	514	462	474	520	490	504	440	522	498	536	480	510	490	462	472	494	490	482	492	458	492	482	468	474	440	514	482	492	492	474	478	466	446	474	496	476	464	482	476	436	498	492	494	468	498	494	472	460	486	512	484	484	492	490	474	496	460	490	500	494	506	460	512	490	492	486	488	488	536	486	502	536	470	480	460	498	460	514	492	482	450	570	530	474	486	482	484	460	464	466	508	514	486	478	468	458	486	502	474	530	436	528	470	466	478	480	484
	464	468	492	452	462	502	466	494	422	508	492	520	464	496	482	450	450	482	480	460	458	450	488	466	444	466	420	488	474	486	472	466	456	454	432	468	474	466	446	468	462	422	486	482	486	460	478	464	456	448	470	502	466	476	484	480	464	486	450	458	484	476	486	432	492	474	482	474	474	476	532	454	482	528	448	476	450	488	440	510	472	466	436	562	514	456	476	464	480	454	446	458	490	498	486	454	446	446	464	472	470	520	432	500	450	448	466	472	466
	456	454	480	438	458	490	450	480	410	494	486	500	448	488	462	434	436	474	466	446	454	440	480	458	436	456	400	478	458	478	466	458	448	446	424	458	464	460	426	452	450	410	478	468	476	454	466	450	432	430	462	498	442	460	476	478	448	484	438	446	474	468	476	416	490	460	470	458	466	464	522	432	472	514	436	458	444	478	436	506	458	460	428	550	496	446	462	460	476	438	440	448	472	474	468	440	436	440	446	454	454	510	404	500	432	442	456	458	464
	444	452	466	434	456	486	444	472	396	474	474	486	436	478	454	424	426	462	448	434	442	434	472	444	426	448	392	470	452	474	462	454	440	438	412	444	458	456	418	442	444	398	460	460	466	448	452	420	420	414	456	488	428	454	470	474	434	474	430	434	468	464	462	392	482	448	456	452	458	448	500	426	458	512	426	452	434	476	426	500	446	456	416	542	484	438	450	456	472	426	434	442	460	466	458	432	432	430	436	442	444	508	402	488	424	440	450	452	458
	432	446	458	428	448	482	434	462	392	466	452	480	434	466	446	418	420	452	446	418	438	424	462	436	422	440	386	462	442	472	456	444	430	436	400	438	454	448	408	440	440	392	458	450	456	444	442	408	406	400	436	482	414	448	464	464	428	468	418	426	460	446	454	386	474	436	446	448	444	434	492	424	450	504	420	440	418	472	422	496	434	442	410	526	474	438	446	450	460	416	430	438	448	452	444	404	420	422	426	432	436	498	398	480	424	440	440	444	458
	422	442	450	426	434	474	426	454	384	460	440	468	424	460	440	406	416	444	446	410	432	412	456	428	416	434	378	452	430	464	450	440	426	430	392	434	448	442	404	436	428	388	448	446	448	442	434	406	406	400	432	476	412	442	462	456	414	458	408	422	456	434	442	380	464	426	430	434	432	428	490	412	438	496	412	438	408	462	420	484	432	428	408	522	460	430	440	444	456	406	426	428	438	452	434	392	418	420	420	414	428	494	388	478	420	440	436	438	446
	414	434	448	422	430	470	422	446	380	448	438	460	414	450	434	400	412	436	444	398	422	412	444	418	414	418	372	448	418	454	446	432	420	426	382	428	446	434	404	432	422	386	440	440	442	442	426	400	398	394	428	468	410	438	458	448	408	446	394	414	450	426	428	372	458	418	428	422	424	420	482	404	438	492	406	436	400	456	414	484	424	424	398	520	452	420	436	440	450	398	426	422	432	450	428	388	408	412	418	402	424	480	384	470	414	438	426	436	438
	410	422	436	420	422	460	416	444	378	442	430	454	408	446	424	400	404	428	440	386	416	408	438	414	412	416	360	444	412	446	428	426	410	416	372	426	446	430	398	426	416	382	430	438	436	438	416	394	396	388	418	460	410	432	456	444	394	444	390	402	440	416	422	366	446	410	422	410	422	406	482	400	438	484	400	414	396	450	414	480	418	412	394	518	450	414	432	440	442	398	420	410	430	446	420	384	402	408	418	392	420	476	378	464	414	432	416	434	426
	408	406	426	416	420	458	414	440	374	436	424	448	404	446	408	398	400	420	434	372	416	398	432	412	410	412	352	442	402	446	422	422	398	406	372	426	446	428	392	420	410	382	424	436	432	434	408	392	388	384	416	460	408	420	452	434	384	444	384	394	436	410	414	362	442	402	416	398	418	404	482	390	438	472	396	412	390	448	406	466	412	402	392	506	440	408	426	438	436	396	420	402	428	444	416	384	400	404	406	386	414	472	370	462	414	430	416	432	418
	404	398	420	414	410	452	412	436	370	430	412	442	402	444	402	394	398	416	434	370	406	392	428	412	408	410	348	436	400	446	418	422	392	402	372	422	446	426	384	414	402	382	422	430	428	426	404	390	382	380	416	458	408	414	446	432	380	438	378	388	432	396	412	362	428	400	412	388	416	402	474	390	434	464	390	408	386	446	400	458	408	394	386	502	432	406	424	438	432	394	420	396	424	438	416	380	390	402	406	382	406	468	368	456	408	428	406	430	414
	404	394	414	408	404	448	412	428	370	428	406	440	388	438	392	390	398	412	432	362	406	386	422	406	404	402	344	432	400	442	416	422	390	396	370	420	444	422	378	414	396	380	420	430	428	424	400	386	380	380	416	456	406	408	446	428	372	436	374	380	418	394	410	358	420	398	412	384	414	396	472	386	430	462	388	404	386	444	398	452	398	390	382	494	424	404	422	434	428	394	416	392	424	430	406	372	384	400	400	378	398	460	364	452	402	422	396	428	404
	402	390	402	404	400	446	412	428	364	424	396	438	386	432	384	388	396	408	428	358	406	386	420	400	404	392	342	428	394	440	406	422	390	396	362	420	440	414	376	414	390	376	418	426	428	424	392	386	378	374	414	450	402	402	438	424	368	436	370	378	418	394	406	356	412	394	404	382	412	392	464	384	426	458	388	402	384	442	392	434	396	384	376	490	424	404	420	428	426	394	412	386	422	428	406	364	382	398	396	378	394	454	362	448	392	418	394	428	396
	398	390	400	404	400	446	412	426	360	416	388	438	386	432	380	386	392	404	426	358	404	384	414	388	404	392	342	424	392	436	404	422	386	394	360	418	430	408	374	410	388	370	416	422	426	422	384	386	376	374	406	444	400	396	430	416	362	434	366	374	408	392	402	356	404	392	404	382	410	392	464	378	426	450	382	394	378	438	380	432	396	378	374	488	422	402	420	428	426	394	404	386	418	424	392	362	378	394	396	372	392	450	354	448	386	414	388	428	394
	398	382	398	396	396	446	410	422	356	404	380	438	384	430	378	384	390	402	424	358	402	376	414	382	404	392	342	424	388	434	404	420	386	394	360	412	428	402	374	410	384	370	410	422	422	422	384	380	376	374	400	438	400	396	426	412	362	434	360	372	406	386	402	348	400	384	400	380	410	390	458	372	426	446	374	392	374	436	376	428	390	376	374	486	418	396	420	420	424	386	404	384	416	414	382	356	376	394	396	370	388	448	348	448	384	412	386	424	392
	398	378	396	396	394	442	410	422	354	404	380	436	364	422	374	384	388	398	424	358	400	374	414	380	404	392	340	422	380	434	402	414	384	390	358	408	426	402	374	404	382	370	406	416	422	416	384	378	372	374	396	438	400	394	426	406	354	434	356	366	402	382	400	348	398	384	400	370	410	390	452	364	424	444	370	388	374	432	376	426	388	372	370	478	414	394	420	418	422	384	402	378	416	414	376	354	376	390	396	368	386	442	348	440	384	406	386	424	392
	396	376	394	396	392	432	408	422	354	402	378	434	364	418	370	384	386	398	424	356	398	372	412	378	404	386	340	420	374	434	400	414	384	390	354	408	420	400	372	402	380	370	406	414	422	416	384	376	370	374	388	436	396	390	424	404	354	426	350	364	398	372	396	340	396	384	396	366	410	380	444	358	422	444	362	386	372	430	376	422	384	368	366	474	410	394	418	410	422	384	402	376	412	414	370	352	374	390	390	368	386	434	348	436	384	402	384	424	392
	392	372	394	394	392	430	404	418	354	398	376	434	364	416	368	372	386	390	422	356	390	366	410	372	398	386	338	420	372	432	396	414	382	386	350	408	414	398	370	402	378	368	402	414	418	416	384	376	368	374	386	432	396	390	422	402	354	426	350	362	398	368	394	338	394	384	394	366	408	366	438	352	418	440	360	386	366	430	376	418	382	368	354	474	402	394	418	406	422	380	400	372	412	412	370	350	374	390	386	366	386	430	348	432	378	402	384	424	392
	388	368	394	394	392	426	402	414	354	396	370	432	364	414	364	372	386	390	422	354	390	364	410	372	396	386	338	420	370	432	392	414	382	386	348	408	414	396	370	400	378	368	394	412	418	416	384	376	366	374	384	428	394	390	418	398	354	426	350	362	396	364	392	334	384	382	382	366	404	366	428	348	412	436	360	382	366	426	374	412	380	362	352	466	398	392	412	390	420	380	396	372	412	412	366	348	374	390	382	366	386	424	346	430	378	400	380	418	392
	388	366	394	392	382	418	400	410	354	396	366	428	358	410	360	370	380	390	420	354	382	362	408	372	396	386	338	420	366	428	390	414	382	386	344	408	412	394	368	400	376	368	394	410	414	414	382	376	366	374	384	428	392	390	414	392	354	426	350	358	392	364	386	332	382	378	382	366	404	366	426	332	406	436	354	374	364	422	370	412	378	362	350	464	394	388	410	390	418	380	394	370	412	410	360	346	374	388	382	366	384	424	344	424	378	400	376	418	392
	386	366	394	390	378	416	396	408	354	396	364	428	356	406	360	370	380	390	420	354	380	360	408	372	394	384	334	418	364	424	386	414	380	386	342	408	406	394	368	400	372	366	384	408	414	414	380	376	366	372	380	424	390	390	412	376	352	416	350	358	392	364	384	332	382	376	376	360	404	366	424	330	404	434	354	372	362	418	370	410	378	362	344	462	384	386	406	390	418	378	392	370	412	406	360	346	374	386	382	366	384	420	344	422	376	392	376	418	392
	384	366	388	390	378	416	388	404	352	396	364	424	354	404	360	370	378	390	418	354	380	360	408	372	392	380	334	418	358	424	384	412	380	386	338	408	404	394	368	400	370	366	376	406	412	414	378	372	366	372	380	424	390	390	412	374	350	414	348	348	390	364	382	330	378	370	376	356	404	364	422	328	402	428	354	372	362	414	368	410	378	356	340	458	378	386	404	390	408	378	388	370	412	404	360	346	374	382	376	364	384	416	342	418	376	388	372	416	390
	380	366	386	390	378	414	388	404	352	394	362	424	354	400	360	368	372	390	416	354	378	360	408	370	392	378	334	416	352	424	384	410	380	386	336	408	402	392	366	400	370	364	368	402	412	414	374	366	364	372	380	418	388	390	412	374	346	406	348	344	386	362	382	326	378	368	372	352	402	360	422	328	400	426	354	372	358	412	366	406	376	356	338	456	374	382	402	386	404	378	386	362	412	404	360	344	368	378	374	364	382	412	338	418	376	388	370	416	390
	380	366	386	390	378	414	388	404	352	392	360	420	354	400	358	366	362	390	408	354	376	354	408	370	392	376	334	416	352	420	384	410	380	386	336	404	400	392	366	398	370	362	366	402	408	412	374	364	362	372	380	414	380	382	408	374	342	398	348	342	386	360	382	322	376	368	360	348	402	358	414	326	400	422	354	372	354	410	366	406	374	354	334	456	372	380	402	382	400	378	386	362	408	404	356	344	368	376	372	364	380	410	334	416	376	386	370	416	390
	380	366	386	390	376	414	388	404	352	392	360	418	354	400	358	364	358	384	404	354	374	354	408	366	390	376	332	412	352	418	382	410	378	384	336	402	398	392	366	396	370	362	364	400	404	412	372	362	360	372	380	410	376	382	404	374	338	398	348	338	386	360	382	320	376	368	358	346	396	356	410	324	396	422	354	370	350	408	360	406	370	354	334	456	372	380	402	378	396	378	382	360	408	404	356	344	368	374	370	360	378	408	334	412	372	384	370	412	390
	380	364	384	390	376	414	386	402	350	392	360	418	354	400	358	362	354	382	402	348	374	348	408	362	390	376	332	408	352	418	380	410	378	382	334	400	388	392	366	394	368	362	362	398	404	408	372	352	358	372	378	410	374	382	398	366	336	398	348	338	386	356	380	320	376	368	350	344	390	356	402	322	394	418	354	370	350	406	358	406	368	354	334	454	364	376	400	376	394	376	382	360	408	402	356	342	368	374	368	358	376	408	334	408	370	380	370	406	388
	380	364	384	388	372	412	378	400	348	392	356	414	354	396	358	362	350	380	402	344	372	346	408	362	390	372	332	404	348	418	380	408	378	380	334	400	386	392	366	394	368	360	362	394	404	408	372	352	358	372	374	410	374	382	392	366	334	398	348	338	386	354	378	318	376	368	350	344	390	356	398	320	394	418	352	364	350	406	358	394	368	354	332	450	364	376	400	376	386	376	380	358	402	396	356	336	368	374	366	358	376	406	332	404	368	380	370	406	388
	380	362	384	386	372	408	376	400	346	390	354	412	354	396	358	362	350	380	402	342	372	346	408	362	388	368	332	400	346	418	380	408	378	380	334	400	386	392	366	392	368	360	362	392	400	408	370	350	358	368	374	404	374	382	390	366	330	396	348	338	386	350	376	314	376	368	350	344	388	356	398	320	394	418	352	360	348	406	358	388	368	354	332	448	364	376	398	376	384	374	378	356	402	394	354	336	366	374	366	358	376	406	332	400	368	376	368	404	388
	378	362	384	386	372	404	376	400	342	390	354	412	348	394	358	360	350	380	402	342	370	346	408	358	386	362	332	398	346	418	380	406	376	378	334	396	384	392	364	392	368	360	362	388	400	408	370	350	358	368	374	404	370	382	388	366	330	394	348	338	386	350	376	314	376	368	350	344	388	354	398	318	394	414	352	358	346	406	358	386	368	354	330	444	360	376	396	374	382	374	374	354	400	394	354	336	362	374	366	358	376	406	330	390	366	372	364	398	388
	378	360	380	384	372	404	376	400	342	390	354	412	346	390	358	360	350	376	402	340	366	346	408	358	384	362	328	398	346	416	380	406	376	378	334	394	380	392	360	392	368	360	362	386	400	406	370	350	358	366	374	404	370	382	388	364	330	390	348	338	386	350	374	314	374	364	350	342	388	352	396	316	392	412	352	358	346	406	356	384	368	354	330	444	360	376	392	374	380	374	372	344	400	394	354	336	362	374	366	358	376	406	328	388	364	366	362	398	384
	374	360	378	384	372	404	376	400	338	384	354	412	346	382	358	360	350	372	402	336	362	342	408	358	384	360	328	396	346	416	380	402	376	378	334	394	376	392	358	386	368	360	362	384	400	406	368	350	358	366	372	396	368	382	388	364	330	390	346	338	386	348	372	314	374	364	348	342	388	352	396	312	392	408	352	358	346	404	348	382	368	354	330	444	360	376	388	374	380	374	372	336	400	388	354	334	358	374	366	356	376	402	322	388	362	366	362	394	384
	372	360	378	384	370	404	376	400	338	384	354	412	346	382	358	360	350	370	402	336	362	342	408	358	384	358	326	394	346	416	380	396	374	376	334	392	376	392	352	384	366	360	362	380	398	402	368	346	358	364	372	394	366	380	386	360	330	390	346	338	386	348	372	314	370	364	348	342	388	352	394	310	392	408	350	358	344	400	342	380	368	354	330	442	360	374	386	374	376	374	368	330	400	384	352	334	358	374	366	350	376	402	320	386	362	364	362	394	384
	372	360	378	384	370	404	376	398	336	384	354	412	346	380	358	360	348	370	402	336	362	342	408	358	382	352	324	394	346	416	380	396	374	372	326	392	376	392	352	384	366	360	360	376	398	402	368	344	354	364	372	392	366	376	386	360	330	390	346	338	386	348	370	314	370	362	344	342	388	350	390	308	392	408	350	358	344	396	340	376	364	354	330	442	360	374	386	374	376	374	362	330	398	384	352	332	356	374	366	348	376	402	318	384	362	364	362	390	384
	370	360	378	384	370	404	376	398	332	384	354	412	344	380	350	358	346	370	402	336	362	342	408	356	382	346	324	394	346	416	380	390	374	372	326	392	374	392	352	382	366	360	356	376	396	402	368	344	354	364	372	392	366	374	386	360	328	390	346	338	386	348	370	314	366	362	342	342	388	348	390	306	392	408	350	358	344	394	338	374	364	354	330	442	360	374	382	374	374	372	360	326	396	384	348	332	356	374	366	346	376	400	318	384	362	364	362	386	382
	370	360	378	382	370	404	376	398	332	384	354	410	344	380	350	358	346	370	402	336	362	338	408	354	382	346	324	392	346	414	380	390	374	372	322	390	372	392	352	382	366	360	354	376	396	402	366	342	354	364	372	392	366	374	386	360	328	388	346	336	386	346	368	314	366	362	342	342	388	348	388	300	392	406	350	358	342	394	338	372	364	354	330	440	360	374	376	370	372	372	358	322	396	384	344	332	356	374	364	346	376	400	318	384	360	364	358	386	380
	366	358	376	382	370	404	374	398	332	384	354	410	344	380	348	358	346	370	400	336	362	334	408	354	380	346	324	392	346	412	378	390	374	372	318	388	372	392	352	380	364	360	354	374	392	402	364	342	354	364	370	388	366	374	384	358	324	384	346	334	386	346	364	314	366	362	342	338	388	348	388	296	392	404	350	358	342	392	336	372	364	354	330	440	360	372	376	368	372	372	356	320	394	384	344	330	356	372	364	346	376	400	318	384	358	364	358	382	376
	360	358	372	382	368	404	374	398	332	384	354	410	344	376	348	358	346	370	400	336	360	334	408	352	380	346	324	392	346	412	374	388	374	370	316	386	372	392	352	378	364	360	354	374	388	402	364	338	354	362	370	386	366	374	384	358	324	384	346	334	386	342	364	314	366	358	342	336	388	346	386	296	392	400	350	358	340	392	336	372	358	354	328	438	360	372	376	368	370	372	356	318	392	380	340	330	356	372	364	346	376	400	316	382	356	362	354	380	376
	352	356	372	382	366	404	374	390	332	384	354	408	342	376	346	358	346	370	398	336	360	328	408	352	380	344	322	392	346	410	374	388	374	370	316	386	372	386	350	374	360	360	354	374	388	402	364	336	354	362	370	384	366	374	382	358	320	382	346	330	386	342	364	314	366	358	342	336	388	346	384	296	392	400	350	354	338	388	332	372	354	354	328	438	360	372	370	368	368	372	354	318	392	378	340	326	356	372	364	342	376	400	316	378	356	360	352	380	376
	352	354	368	382	366	402	372	388	330	384	354	408	342	372	346	356	344	370	398	336	360	328	402	352	378	344	322	392	346	406	374	388	374	370	316	384	372	384	350	372	356	360	354	374	386	402	364	336	354	362	370	380	366	374	380	358	320	378	346	328	386	340	364	314	366	358	342	336	386	346	384	296	392	400	350	354	338	388	332	372	354	354	326	438	360	372	366	364	368	372	354	318	392	376	340	326	356	372	364	342	376	400	316	376	356	360	352	380	372
	348	354	366	382	366	402	372	388	330	382	352	408	338	372	344	356	344	370	398	336	360	328	402	352	372	344	322	392	346	406	372	388	374	370	316	384	372	384	350	372	354	360	354	374	386	402	362	332	354	360	370	378	366	372	380	358	320	376	346	328	384	338	364	312	366	358	342	336	382	346	384	296	390	400	344	354	338	386	332	372	350	352	326	438	360	372	362	364	368	372	354	318	392	376	340	324	356	372	364	342	376	400	316	376	356	358	352	380	372
	346	352	366	382	364	402	372	388	330	382	352	408	338	372	344	356	344	370	396	336	360	328	402	350	370	344	320	392	344	406	372	388	372	370	316	382	368	384	350	372	354	360	354	374	386	402	362	330	354	358	368	378	366	370	376	358	318	376	346	328	384	338	364	312	366	358	342	336	382	344	384	296	390	398	344	354	338	386	332	372	350	352	324	438	360	372	362	364	368	372	354	316	392	374	340	324	356	372	364	342	374	400	316	376	356	358	348	380	370
	340	352	366	382	362	402	372	388	330	382	346	408	338	372	340	356	344	370	396	334	360	328	402	350	364	344	320	392	344	406	370	384	372	370	316	382	368	384	348	372	354	360	354	374	382	402	362	330	354	358	368	378	366	368	372	358	310	376	346	328	384	336	364	310	362	356	342	336	382	344	384	296	390	398	344	354	338	386	330	372	350	350	324	438	360	372	362	364	366	372	352	314	390	372	340	324	356	370	364	340	372	400	312	376	356	358	348	380	366
	338	352	364	382	362	402	372	388	330	382	342	408	336	372	338	354	342	368	396	334	360	328	398	350	364	344	318	390	344	406	370	382	370	370	312	382	366	384	348	372	354	360	354	374	378	402	362	330	354	358	368	376	366	366	372	352	310	370	346	326	384	336	364	306	362	348	342	336	382	344	380	296	390	396	344	354	338	386	330	372	350	350	324	438	358	370	358	364	362	372	352	312	390	372	338	324	356	370	364	340	372	400	312	376	356	358	348	376	366
	334	352	364	382	362	402	370	388	330	382	342	408	336	372	338	350	342	366	394	332	358	326	398	350	362	342	318	390	344	406	368	378	370	370	312	382	366	384	348	372	352	360	354	374	378	402	362	330	354	358	368	374	366	362	372	350	310	368	344	326	382	334	364	306	362	346	342	336	382	340	380	296	390	394	344	354	338	386	330	370	350	348	324	438	358	370	358	364	362	372	350	306	390	372	338	322	356	370	362	340	372	400	312	376	356	358	348	376	366
	334	352	364	382	362	402	368	388	330	382	342	408	336	368	338	350	340	366	390	332	358	326	396	350	362	342	318	388	344	406	368	378	370	370	312	382	366	384	348	370	352	360	352	374	378	402	362	330	354	358	368	374	364	362	372	350	310	368	342	326	382	334	364	306	362	346	342	336	380	340	380	296	390	392	342	354	338	386	330	368	350	348	324	438	358	370	356	362	356	372	350	306	388	370	338	322	356	370	362	340	372	400	312	374	352	358	348	376	366
	334	352	364	382	362	402	366	386	330	382	342	408	334	368	338	342	340	366	390	332	358	326	396	350	362	342	318	386	344	404	368	378	370	370	312	382	364	382	348	370	350	360	352	374	378	402	362	326	354	358	368	374	362	360	372	348	308	366	342	326	382	332	364	304	360	346	342	336	380	340	380	296	390	392	342	354	338	386	330	368	350	348	324	438	358	370	354	360	356	372	350	306	384	370	338	320	356	370	362	338	370	398	312	374	352	358	348	376	364
	334	352	364	382	360	402	358	382	330	382	340	408	334	368	338	342	340	366	390	332	352	326	396	350	362	342	316	382	344	404	366	378	370	370	312	382	364	382	348	368	350	360	352	372	378	400	362	320	352	356	368	374	360	360	372	348	308	366	342	326	382	332	362	304	358	346	342	336	380	340	378	296	390	392	342	352	338	386	330	364	348	348	324	438	358	370	354	360	356	372	350	306	384	370	338	316	356	364	362	338	366	396	312	368	352	358	348	376	364
	330	352	364	382	360	400	356	380	330	382	340	408	334	368	336	342	340	366	390	332	352	326	396	350	362	342	316	382	344	404	366	376	370	370	312	382	364	382	346	368	350	360	352	372	378	398	362	314	350	356	368	374	360	360	372	348	304	358	342	322	382	332	362	304	358	346	342	336	380	338	376	296	390	390	342	352	338	386	326	360	344	348	324	436	354	370	354	360	356	370	348	302	384	370	338	316	356	364	362	336	366	394	312	368	352	358	348	376	364
	326	352	362	382	360	400	356	380	330	382	340	408	328	366	336	342	340	366	390	332	352	326	396	350	362	340	316	382	342	402	366	376	370	370	312	382	364	380	346	366	350	360	352	372	378	396	362	314	348	356	364	372	360	358	372	348	304	354	342	320	382	332	360	304	358	346	342	336	380	338	376	296	388	384	342	352	338	386	326	358	344	348	324	436	354	370	354	356	354	366	346	302	384	370	334	316	356	364	362	336	366	394	312	368	350	358	348	376	364
	324	352	362	382	360	400	354	380	330	382	340	408	328	366	336	340	338	366	390	332	352	326	396	350	362	340	316	382	340	402	366	376	370	370	312	382	364	380	346	366	350	360	352	372	378	392	362	314	348	356	364	370	360	358	370	348	304	354	342	320	382	332	358	304	356	346	342	336	380	338	370	296	386	382	342	352	338	386	326	358	344	348	324	434	350	370	354	354	354	366	346	302	384	370	334	316	356	364	362	334	364	394	312	362	350	358	348	376	364
	322	352	362	382	360	400	354	380	330	382	340	404	328	366	334	340	338	366	390	332	346	326	396	348	362	338	316	382	340	402	366	376	370	370	312	382	362	380	346	366	350	360	352	372	378	392	362	310	348	356	364	368	360	358	370	348	302	354	342	318	382	330	356	304	356	346	342	336	378	338	364	296	386	380	342	352	338	384	326	358	344	348	324	430	350	370	354	354	344	364	342	300	384	370	334	316	356	364	362	334	364	394	312	362	350	358	348	374	362
	322	352	362	382	360	400	352	380	330	382	340	402	328	364	330	340	338	366	390	332	346	326	394	348	362	338	316	382	340	400	366	376	370	370	308	380	362	380	346	364	350	360	352	372	378	392	356	306	348	356	364	368	360	358	368	348	300	352	340	318	380	330	356	304	354	346	342	336	378	334	364	296	384	380	342	348	338	384	326	358	342	348	324	430	350	370	354	352	342	364	342	300	384	370	334	316	356	364	360	334	364	394	312	362	348	358	348	374	362
	320	352	362	382	358	400	352	378	330	382	340	402	328	364	330	340	336	366	390	332	346	326	392	348	362	338	316	382	334	396	364	376	368	370	306	378	362	378	342	364	350	360	352	372	378	392	356	306	348	356	364	368	360	358	368	348	298	348	338	318	380	330	356	304	354	342	342	336	378	334	364	296	384	380	342	348	338	384	326	358	342	348	324	430	350	370	354	352	342	364	342	300	384	370	334	314	356	364	360	334	364	394	312	360	348	358	348	374	362
	320	352	362	382	358	400	352	378	328	382	340	402	328	364	330	340	336	366	390	332	346	324	392	348	362	338	316	380	334	396	360	376	368	368	304	378	362	376	342	364	348	360	352	370	378	392	356	306	348	356	364	368	360	358	366	348	298	348	336	318	376	330	356	300	354	342	342	336	378	334	364	296	384	378	342	346	338	384	326	358	342	348	324	430	350	370	354	352	342	364	342	298	382	370	334	314	356	364	360	332	364	394	312	358	344	358	348	374	362
	320	352	362	380	358	400	352	378	328	382	340	402	328	364	330	340	336	366	390	332	346	324	392	346	362	338	314	380	334	394	358	376	366	368	300	376	360	376	342	364	348	360	352	370	378	392	354	306	348	356	364	366	360	358	366	348	298	348	336	318	376	330	356	298	354	340	342	336	376	332	364	294	384	374	342	344	338	384	326	358	342	348	324	430	350	370	354	352	340	364	342	298	382	370	334	312	356	364	360	330	364	394	312	356	344	358	348	374	360
	320	352	360	380	358	394	350	378	328	382	340	402	328	364	330	340	334	366	390	332	346	322	388	346	362	338	314	380	334	394	358	376	366	368	300	376	360	376	342	364	348	360	352	370	378	392	352	300	348	356	364	366	360	358	366	348	298	346	336	318	376	330	356	298	354	338	342	336	376	330	364	292	384	374	342	342	338	382	326	358	342	348	324	430	350	370	352	352	338	364	342	298	382	366	334	310	356	364	360	330	364	392	312	350	344	358	348	372	360
	320	352	358	380	356	390	348	376	328	382	340	402	328	364	330	338	334	366	390	330	346	322	388	346	362	336	314	380	334	394	358	372	366	368	300	376	360	374	342	364	348	360	352	370	378	392	352	300	348	356	364	366	360	354	366	348	298	344	336	318	372	330	356	296	352	338	342	334	376	330	364	290	382	372	342	342	338	382	326	358	342	348	324	426	350	370	352	352	336	364	342	298	382	366	334	310	356	364	360	330	364	390	308	348	344	358	348	372	360
	320	352	358	380	356	386	348	376	328	382	340	402	328	364	328	338	334	366	390	330	346	322	388	342	360	336	314	376	334	394	358	370	366	368	300	376	360	374	338	362	348	360	352	370	378	392	350	300	348	354	364	364	360	354	364	344	298	344	336	318	372	330	356	296	350	338	342	334	376	330	364	288	380	372	342	342	338	382	326	356	342	348	324	426	350	370	352	352	334	362	342	298	382	366	330	310	356	364	360	330	364	390	308	348	344	358	348	372	360
	320	352	354	380	356	384	348	374	328	382	340	402	328	364	328	338	334	364	390	328	346	322	388	340	360	334	314	376	334	392	358	370	366	368	300	376	360	374	336	360	348	360	352	370	378	392	350	300	348	350	364	362	360	354	364	342	298	344	336	318	372	330	354	296	350	334	342	332	376	328	364	288	376	372	342	342	336	382	324	354	342	348	324	426	350	370	352	352	334	362	342	298	382	366	330	310	356	364	358	330	364	390	308	348	344	358	348	372	360
	320	352	354	378	356	382	346	374	328	382	340	402	328	364	328	338	334	364	390	326	346	322	388	340	360	334	314	376	334	390	358	370	366	368	300	376	360	374	336	358	348	360	352	370	378	392	350	296	348	350	362	362	360	354	364	342	298	344	336	318	370	330	354	296	350	334	342	330	376	326	364	286	376	372	342	342	336	382	324	350	342	348	324	426	348	370	352	352	334	362	342	294	382	364	330	310	356	364	358	330	364	390	304	348	344	356	348	372	360
	318	352	354	374	356	382	346	374	328	382	340	402	328	364	328	338	334	364	390	326	346	322	384	340	360	334	310	376	334	390	356	370	366	368	300	376	360	374	336	358	344	360	352	370	378	392	350	296	348	350	362	360	360	354	364	342	298	344	336	318	366	330	354	296	350	334	342	330	376	326	364	286	376	372	342	340	334	382	324	350	342	348	324	426	348	370	352	352	334	362	342	294	382	364	330	310	356	364	358	330	364	390	304	348	344	356	348	372	360
	314	352	354	372	356	382	346	374	328	382	340	402	326	362	328	338	334	364	390	326	344	322	384	340	360	334	310	376	334	390	352	366	366	368	300	376	360	374	336	358	342	360	352	368	378	392	348	296	348	350	362	360	360	354	364	342	298	344	334	318	366	330	354	296	350	332	342	330	370	324	364	286	376	372	342	340	334	382	324	348	342	348	324	426	346	370	352	350	334	362	340	292	382	364	330	310	356	364	358	328	362	390	304	348	344	354	348	372	360
	312	352	354	366	356	382	344	374	328	382	340	402	326	362	328	338	334	364	390	326	344	322	382	340	360	334	310	376	332	388	352	366	366	368	300	376	360	374	336	358	342	360	352	368	378	392	348	296	348	348	362	360	360	354	364	342	298	342	334	316	364	330	354	296	350	332	342	330	370	324	364	286	376	372	342	340	334	382	324	348	340	348	324	426	346	370	350	350	334	362	338	292	382	364	328	310	356	364	358	328	362	386	304	348	342	354	348	372	360
	310	352	354	366	352	382	342	374	328	382	340	402	326	362	328	338	334	362	388	324	344	322	382	338	358	334	310	376	332	388	352	366	366	366	300	376	358	374	336	358	342	360	352	368	378	392	346	294	348	348	360	360	360	354	364	342	298	342	332	316	364	330	354	296	350	332	342	330	368	324	364	286	376	372	342	340	332	382	324	348	338	348	324	426	346	370	350	350	334	362	338	292	380	364	328	310	356	364	358	328	360	386	304	348	336	354	348	372	360
	310	352	352	364	352	382	342	374	326	382	340	402	326	362	328	334	334	358	388	324	344	322	382	338	358	334	310	376	332	388	352	364	366	362	300	374	358	374	336	358	342	360	350	368	378	392	340	292	348	348	360	360	360	354	364	342	298	338	328	316	362	330	354	296	350	332	342	330	368	324	364	286	376	370	342	340	332	382	324	348	338	348	322	426	346	370	350	350	332	362	338	290	380	364	328	308	356	364	358	328	360	386	304	348	336	354	348	372	358
	308	352	352	360	350	380	342	374	324	382	340	402	326	362	328	334	334	358	388	324	344	322	382	336	356	334	308	376	332	388	352	364	366	362	300	374	358	374	336	356	342	360	350	366	378	392	340	290	348	348	360	360	360	354	362	342	298	338	328	316	362	330	354	296	350	332	342	326	362	320	364	284	376	370	342	340	332	382	324	348	338	348	322	426	344	368	350	350	332	362	336	290	380	360	328	308	356	364	358	328	360	386	304	348	334	350	348	372	358
	308	352	350	360	350	380	342	372	324	382	340	400	326	362	328	334	332	356	388	324	342	322	382	336	356	330	308	376	330	388	352	360	366	362	300	374	358	374	336	356	342	360	350	366	378	392	340	286	348	348	360	358	360	354	362	342	296	334	324	316	362	330	354	296	350	332	342	324	362	320	364	284	376	370	342	340	332	382	324	348	338	348	320	426	342	368	350	350	330	362	336	290	380	360	328	308	356	364	358	328	360	386	304	348	332	350	348	372	358
	304	352	346	360	350	378	342	372	324	382	340	400	324	362	328	334	332	354	388	324	340	322	382	336	356	326	308	372	328	386	350	356	366	362	300	374	358	374	336	356	342	360	350	366	378	392	340	286	348	348	360	352	360	354	362	342	296	332	322	316	362	330	354	296	350	332	340	324	360	320	364	284	376	370	342	340	330	382	324	348	338	348	320	424	342	368	350	350	330	360	336	290	380	360	328	306	356	364	358	328	360	386	304	348	330	346	348	372	358
	300	350	346	360	348	378	342	372	324	382	340	400	324	362	328	334	332	350	388	322	340	320	382	336	356	326	308	372	328	386	350	354	366	362	300	372	358	374	336	356	342	360	350	366	378	392	340	286	348	348	360	352	360	354	362	342	296	330	322	316	362	330	354	294	348	332	340	324	358	320	364	284	376	370	342	340	330	382	324	348	338	348	320	424	342	368	348	350	330	360	336	290	380	360	328	306	356	364	358	328	360	386	304	348	330	344	348	372	358
	298	350	342	360	348	376	342	368	324	382	340	400	324	358	328	334	332	350	384	322	340	320	382	336	356	324	308	372	328	386	350	352	366	362	300	370	358	374	336	356	342	360	350	366	378	392	340	282	348	348	360	350	360	354	362	342	296	330	322	316	360	330	354	294	348	332	340	322	358	314	364	284	376	370	342	340	328	382	324	348	338	346	320	424	342	366	346	350	330	356	336	290	380	360	328	306	356	364	358	326	360	386	304	348	330	342	348	372	358
	298	350	342	360	348	376	342	368	324	382	340	400	324	358	328	334	332	350	384	322	340	320	382	336	356	320	308	372	328	386	350	350	366	362	300	368	356	374	336	354	342	360	350	366	378	392	340	282	348	348	360	350	360	354	362	342	296	330	322	316	358	330	354	292	348	332	340	322	354	314	364	284	376	370	342	340	328	378	324	348	338	346	320	424	342	362	346	350	330	356	336	290	380	360	328	306	354	364	358	326	360	386	304	348	330	338	348	372	358
	298	348	342	360	348	376	342	368	324	382	340	400	324	358	328	334	328	350	384	322	340	320	382	336	356	320	308	372	328	386	348	350	366	362	300	368	356	374	334	354	342	360	350	366	378	392	340	282	348	348	360	350	360	354	362	342	296	330	320	316	358	330	354	292	348	332	340	322	354	314	364	284	376	370	342	340	328	378	324	346	338	346	320	420	342	362	344	348	330	352	336	290	380	360	328	306	354	364	358	326	360	386	304	348	330	334	348	372	356
	298	348	342	358	348	376	342	368	324	382	340	400	324	358	328	334	328	350	384	322	340	320	382	336	356	320	308	372	324	386	348	350	366	362	300	368	356	374	334	352	342	360	350	366	378	392	340	280	348	348	360	350	360	354	362	342	296	330	320	316	358	330	354	292	348	332	340	322	354	314	364	284	376	370	342	338	328	378	324	344	336	346	320	420	342	360	344	346	328	352	336	290	380	360	328	306	354	364	358	326	360	386	304	348	330	332	348	372	356
	298	342	342	358	348	372	342	368	324	380	340	400	324	358	328	334	328	350	384	322	340	320	382	336	354	320	308	372	324	386	348	350	366	362	300	366	356	374	334	352	342	360	350	366	378	392	340	280	348	348	360	350	360	354	362	342	296	330	320	314	354	330	354	288	348	332	340	320	352	314	364	284	376	370	342	338	328	378	324	344	336	346	320	420	342	360	344	346	328	350	336	290	380	360	328	306	354	364	358	326	360	386	304	348	330	332	348	372	356
	296	342	342	358	348	372	342	368	324	380	338	400	324	358	328	334	328	350	384	320	338	320	382	336	350	320	308	372	324	386	348	350	366	362	300	364	356	374	334	352	342	358	350	366	378	392	340	276	348	348	360	350	360	354	362	342	296	330	320	314	354	330	354	288	348	332	340	320	352	314	364	284	374	370	342	338	328	378	324	344	336	346	320	420	342	360	344	346	328	348	334	290	380	360	328	306	354	364	358	324	360	386	304	348	330	332	348	372	356
	294	342	342	358	348	372	342	368	324	380	338	400	324	358	328	334	328	350	384	320	338	320	382	336	350	320	308	372	324	386	348	350	366	362	300	364	356	374	334	352	342	356	350	366	378	392	340	276	348	348	360	350	360	354	362	342	296	330	320	312	354	330	354	288	348	332	340	320	346	314	364	284	372	370	342	338	328	378	324	344	336	346	320	420	342	360	344	346	328	346	334	290	380	360	328	306	354	364	358	324	360	386	304	348	330	332	348	372	356
	290	342	342	358	348	372	342	368	324	380	336	398	324	358	328	334	328	350	384	320	336	318	382	336	350	320	308	372	324	386	348	350	366	362	300	364	356	374	334	352	342	356	350	366	378	392	340	274	348	348	360	348	360	354	362	342	296	330	320	312	354	330	354	288	348	332	340	318	344	314	364	284	372	370	342	338	328	378	324	344	336	346	320	420	342	358	344	346	328	346	334	290	380	360	328	306	354	364	358	324	360	386	304	346	330	330	348	372	356
	290	342	342	358	346	372	342	368	324	380	336	398	324	358	328	332	328	350	384	320	336	318	382	336	350	316	308	370	324	386	348	350	366	362	300	364	354	374	334	350	342	356	350	364	378	392	340	272	348	348	360	346	360	354	362	342	296	330	320	312	354	328	354	288	348	330	340	318	344	314	364	284	372	370	342	338	328	378	324	344	332	346	320	420	342	358	344	346	326	346	334	290	380	360	328	306	354	364	358	324	360	386	304	346	330	326	348	372	356
	290	340	342	358	346	372	340	368	324	378	336	398	324	358	328	330	328	350	384	320	334	318	382	336	350	316	308	370	324	386	348	350	366	362	300	364	354	374	334	350	340	356	350	362	378	392	340	272	346	348	360	346	360	354	362	340	296	326	320	312	354	328	354	288	348	330	340	318	342	314	364	282	372	370	342	338	326	378	324	344	330	346	320	420	342	358	344	346	326	346	334	290	380	360	328	306	354	364	358	324	360	386	304	346	330	324	348	372	356
	290	340	342	358	346	372	338	368	324	378	336	398	324	358	328	330	328	348	384	320	334	312	382	334	350	314	308	370	324	386	348	350	366	362	300	362	354	374	330	348	340	356	350	362	378	392	340	272	346	348	360	346	360	354	362	338	296	326	320	312	354	324	354	288	348	330	340	318	340	314	364	280	370	368	342	338	326	376	324	340	330	346	320	420	342	358	344	344	324	342	334	290	380	360	328	306	354	362	358	324	360	386	304	346	330	324	348	372	356
	288	340	342	358	346	372	338	368	324	378	336	398	324	358	328	330	328	346	384	320	334	312	382	334	350	314	308	370	324	386	348	350	366	362	300	362	354	374	330	348	340	356	350	360	378	392	340	272	346	348	360	346	360	354	362	338	296	320	320	312	354	324	354	288	348	330	340	314	340	314	362	278	368	368	342	338	326	374	324	340	330	344	320	420	342	356	342	344	324	342	334	290	380	360	328	306	354	362	358	324	360	386	304	344	330	324	348	372	356
	288	338	342	358	346	366	338	368	324	378	336	398	324	358	328	330	326	346	384	320	332	312	382	332	350	314	308	370	324	386	348	350	366	362	300	362	354	372	330	348	338	356	350	360	378	392	340	272	346	348	360	346	360	354	362	338	296	320	320	312	354	324	354	288	348	330	340	312	340	314	362	278	368	368	340	336	326	374	324	338	330	344	320	420	342	354	340	344	322	340	334	290	380	360	328	306	354	362	358	324	360	386	304	344	330	324	348	372	356
	288	338	342	358	346	366	338	368	322	378	334	398	324	358	328	330	324	344	384	320	332	312	382	330	348	314	308	370	324	386	348	350	366	362	300	362	354	370	330	348	336	356	350	360	378	392	340	272	346	346	360	346	360	354	362	334	296	320	320	312	354	324	352	288	348	330	340	312	340	314	362	278	368	368	340	336	326	374	324	334	330	344	320	420	342	354	340	344	320	340	334	290	380	360	328	306	354	362	358	324	360	386	304	344	330	324	348	372	356
	288	338	342	358	346	364	338	368	322	378	334	398	324	358	328	330	324	344	384	320	332	312	382	328	348	314	308	370	324	386	348	350	366	362	300	362	354	370	330	348	336	356	350	360	378	392	340	272	346	346	360	346	360	354	360	334	296	320	320	312	354	324	352	288	346	330	338	310	340	314	362	278	368	368	340	336	326	374	324	334	324	344	320	420	342	352	340	344	320	340	334	290	380	360	326	306	354	362	358	324	360	386	304	344	330	324	348	372	356
	288	338	342	358	346	362	338	368	322	376	334	396	324	358	328	328	324	344	384	318	332	312	382	328	346	314	306	370	324	386	348	348	366	362	300	362	354	370	330	346	336	356	350	360	378	392	340	272	346	346	360	346	360	354	360	334	296	320	320	312	354	324	352	288	344	330	338	310	340	314	362	278	368	368	340	336	326	374	324	334	322	344	320	420	342	352	340	344	320	340	334	290	380	360	326	306	354	360	358	324	356	386	304	342	330	324	346	372	356
	288	338	342	358	346	362	336	368	322	374	334	392	324	358	328	324	324	344	384	318	332	312	382	328	342	314	304	370	324	386	348	346	366	362	300	362	350	370	330	346	336	356	350	358	378	392	340	272	346	346	360	346	360	354	360	334	296	320	320	312	354	324	352	288	344	330	338	310	338	314	360	278	368	368	340	336	326	374	324	334	320	344	320	420	342	352	340	340	320	340	334	290	380	360	326	302	354	360	358	324	356	384	304	342	330	324	346	372	356
	288	338	342	358	346	360	334	368	322	372	332	386	324	358	328	324	324	344	384	318	332	312	382	326	340	312	304	370	324	386	348	346	366	362	300	362	350	368	330	346	336	356	350	358	378	392	340	272	346	346	360	346	360	354	360	334	296	320	320	312	354	324	352	288	344	330	338	310	338	314	354	278	368	368	340	336	324	374	324	334	320	344	320	420	342	352	340	340	320	340	334	290	378	360	326	302	354	360	358	324	356	382	304	342	328	322	344	372	356
	286	338	342	358	346	358	334	368	322	372	332	386	324	358	328	324	324	344	384	318	332	312	382	326	340	312	304	370	324	386	348	346	366	358	300	362	350	368	330	346	336	356	350	358	378	392	340	272	348	346	360	346	360	354	360	334	296	320	320	312	354	324	350	288	340	330	338	310	338	314	354	278	368	368	340	336	324	372	324	334	320	344	320	420	342	352	340	338	320	340	334	290	378	360	326	302	354	360	358	324	356	382	304	340	328	322	344	372	356
	286	338	342	358	346	358	334	368	322	372	330	386	324	358	328	324	324	344	384	318	332	312	382	326	340	312	304	370	324	386	348	344	366	354	300	356	346	368	330	346	336	356	350	358	378	392	340	272	346	344	360	346	360	354	358	334	296	320	320	312	354	324	350	288	340	330	338	308	338	314	354	278	368	368	340	336	324	370	324	334	320	344	320	420	342	352	340	338	320	340	334	290	378	360	326	302	354	360	358	322	356	382	304	338	328	322	344	372	356
	286	338	342	354	346	356	334	368	322	372	330	386	324	358	328	324	324	344	384	318	332	312	382	326	340	312	304	370	324	386	348	344	366	354	300	356	346	368	330	346	336	356	350	356	378	392	340	272	346	342	360	346	360	354	358	334	294	320	320	312	354	324	350	288	340	330	338	308	336	314	354	278	368	368	340	336	324	368	324	334	320	344	320	420	342	352	340	338	320	340	334	290	378	360	326	302	352	360	358	322	356	382	304	338	328	322	344	372	356
	286	338	342	354	346	356	334	368	322	372	330	386	324	358	324	324	324	344	384	318	332	312	382	326	340	312	304	370	324	386	348	344	366	354	300	356	344	368	326	344	336	356	350	356	378	392	340	272	346	342	360	346	360	354	358	334	292	320	320	312	354	324	350	288	338	330	338	306	334	314	354	278	368	368	340	336	324	358	324	334	320	344	320	420	342	352	340	338	320	340	334	290	378	360	326	302	352	360	358	322	356	382	304	338	328	322	344	372	356
	286	338	342	354	346	356	334	368	322	368	330	386	324	358	324	324	324	344	384	318	332	312	382	326	340	312	304	370	324	386	348	342	366	352	300	356	344	368	326	344	336	356	350	356	378	390	340	272	346	342	360	346	358	354	358	334	292	320	320	312	354	324	348	288	338	330	338	306	334	314	354	278	368	368	340	336	322	358	324	334	320	344	320	420	342	352	340	338	320	340	334	290	378	360	326	302	352	360	358	322	356	380	302	336	328	322	344	372	356
	284	338	342	354	346	354	334	366	322	368	330	386	324	358	324	324	322	344	384	318	332	312	382	326	340	312	304	370	324	386	348	342	366	352	300	356	344	368	326	344	334	356	350	356	378	390	340	270	348	342	360	346	358	354	358	334	292	320	318	312	354	324	348	288	338	330	338	306	334	314	354	278	368	368	340	336	320	358	324	334	320	344	316	420	342	352	340	338	320	340	334	290	378	360	326	302	352	360	358	322	356	380	302	336	324	322	344	372	356
	284	338	342	354	346	354	334	366	322	368	330	384	324	358	324	324	322	344	384	318	332	312	382	326	340	312	304	370	324	386	348	338	366	352	292	356	344	368	326	344	334	356	350	356	378	390	340	270	346	342	360	346	356	354	354	334	292	318	318	312	354	324	348	288	338	330	338	306	334	314	354	278	368	368	340	336	320	358	324	332	320	344	316	420	342	352	340	338	320	340	334	290	378	360	326	302	352	360	358	320	352	380	302	336	322	322	342	372	356
