	0	0	0	0	0	0	0	0	0	0	0	0	0	0	0	0	0	0	0	0	0	0	0	0	0	0	0	0	0	0	0	0	0	0	0	0	0	0	0	0	0	0	0	0	0	0	0	0	0	0	0	0	0	0	0	0	0	0	0	0	0	0	0	0	0	0	0	0	0	0	0	0	0	0	0	0	0	0	0	0	0	0	0	0	0	0	0	0	0	0	0	0	0	0	0	0	0	0	0	0	0	0	0	0	0	0	0	0	0
	838	808	816	830	830	830	840	844	838	860	838	828	820	838	872	842	818	808	856	842	870	826	822	822	844	822	836	798	836	866	802	846	836	844	844	794	826	838	844	848	844	824	838	834	862	818	840	846	832	848	838	840	830	836	826	844	830	836	828	864	830	826	844	860	838	830	840	864	818	858	798	834	810	828	848	814	854	860	874	840	834	822	822	868	848	856	848	844	826	820	824	816	848	832	830	816	802	860	824	866	820	840	846	828	806	832	836	824	866
	638	642	644	638	646	670	658	668	662	676	648	646	628	660	680	646	648	656	668	652	698	676	638	648	686	642	644	602	664	650	604	658	654	620	652	618	654	640	658	640	646	654	670	630	696	622	650	668	660	642	604	648	628	672	616	646	652	608	638	670	662	660	672	658	656	650	660	666	670	664	650	672	618	658	642	656	648	674	668	608	616	644	656	670	668	682	672	616	650	654	650	660	638	638	658	638	640	644	640	660	644	654	664	630	636	664	662	636	656
	544	528	556	560	548	560	558	576	558	598	550	570	546	572	568	560	564	550	580	562	580	594	564	542	590	552	562	528	572	552	526	562	558	542	558	538	578	522	576	552	526	570	566	546	574	536	578	546	556	526	540	556	560	574	536	554	560	532	554	580	576	570	568	564	582	564	550	526	594	564	560	556	538	576	560	562	554	562	566	520	532	558	556	572	570	574	552	534	586	568	580	568	550	556	574	534	534	564	534	560	550	574	562	556	554	550	562	566	552
	482	482	522	512	492	502	510	528	504	538	498	520	480	536	522	520	516	494	536	514	526	550	504	474	514	490	490	494	518	512	482	514	482	502	500	500	514	482	512	466	464	522	514	486	518	498	542	492	502	484	490	508	508	516	478	464	502	502	492	536	530	504	500	518	530	496	492	466	512	498	514	494	498	532	516	512	488	508	490	466	478	488	496	514	510	522	506	480	502	492	520	492	500	506	506	500	498	498	480	502	500	526	502	514	508	500	514	528	506
	442	454	474	480	438	468	470	510	468	500	460	478	458	502	484	476	498	452	512	484	474	502	468	432	482	444	468	474	466	486	454	478	436	476	460	464	474	436	476	446	446	486	460	452	464	460	512	474	462	434	452	476	478	476	432	432	480	464	448	502	484	458	468	482	504	470	456	430	468	458	480	468	450	488	488	484	438	488	466	428	432	456	468	460	470	474	478	458	462	466	472	452	470	460	452	472	466	460	440	478	478	496	466	472	466	468	484	498	460
	418	438	460	452	408	452	454	498	446	482	440	446	434	484	456	442	478	438	486	468	446	468	450	412	458	432	436	452	438	464	432	442	422	436	436	430	434	414	434	410	420	462	442	418	446	438	480	450	438	406	424	444	448	440	416	402	448	434	428	474	454	438	434	450	476	440	430	406	452	426	452	440	420	458	456	456	422	464	446	410	404	444	448	428	436	448	444	430	414	446	460	436	448	424	418	450	436	436	424	448	462	462	448	460	452	442	460	456	448
	396	414	446	432	392	430	438	476	428	456	418	420	418	456	452	422	466	396	460	458	434	450	424	380	428	422	424	436	424	454	418	416	394	408	430	410	424	408	410	400	412	450	422	400	426	418	470	426	410	404	402	420	432	424	400	386	434	412	414	454	434	424	418	422	442	422	420	390	422	416	420	412	398	440	428	424	394	432	434	402	392	432	436	414	414	422	410	412	386	430	428	418	432	396	400	426	404	420	406	416	436	438	416	446	440	424	442	434	420
	386	398	426	422	384	426	424	464	422	436	402	400	396	442	436	404	446	376	446	436	428	428	408	370	412	400	414	406	418	440	406	408	382	390	416	398	410	396	400	376	394	440	408	390	412	398	460	408	392	396	378	400	408	400	384	380	420	386	400	426	412	414	402	404	426	412	408	376	406	390	396	394	394	424	398	406	388	412	426	382	388	424	420	398	410	408	392	402	380	416	422	398	424	384	390	420	388	404	398	394	422	424	400	436	424	402	414	418	410
	372	386	418	412	378	418	412	444	414	424	386	366	378	440	424	396	428	364	434	410	422	418	396	358	408	388	402	398	410	428	390	390	370	382	412	388	394	380	382	364	386	426	390	378	406	390	442	404	380	394	366	394	396	390	374	366	408	380	388	418	402	392	394	388	406	402	402	372	376	388	382	380	384	414	386	394	384	408	416	374	378	412	406	394	392	398	378	398	372	402	410	380	406	372	380	414	368	400	380	380	398	404	394	422	418	396	398	410	398
	366	374	410	382	376	412	384	432	404	418	368	354	372	432	416	382	418	354	430	400	412	406	386	352	398	378	390	388	406	424	380	378	362	376	394	382	380	372	374	354	378	418	378	364	402	384	432	396	370	386	344	380	380	382	358	356	392	372	378	408	384	382	378	376	402	394	398	364	358	386	378	368	378	396	378	388	378	406	398	368	368	402	400	390	388	394	370	392	354	392	402	368	404	358	370	410	366	380	370	374	390	384	378	406	402	386	394	396	388
	360	364	406	368	368	400	374	418	398	412	358	344	362	428	402	370	410	350	418	388	408	400	384	338	392	370	378	372	392	406	368	376	352	368	388	374	376	366	370	348	366	400	370	348	396	368	416	390	362	380	338	380	376	370	346	342	388	360	374	400	368	374	368	368	396	382	390	358	348	380	368	364	376	384	370	384	370	390	390	356	356	400	398	384	380	380	370	378	346	386	392	360	396	352	360	402	348	372	366	366	374	366	366	406	386	384	382	390	386
	354	352	398	362	362	394	370	408	396	406	348	338	356	414	392	360	406	340	412	380	396	384	378	332	384	360	372	362	378	396	362	372	348	360	378	370	374	354	368	342	354	384	350	342	396	362	404	380	352	374	334	366	376	360	344	336	384	348	360	390	366	370	356	364	388	380	382	354	336	378	362	364	362	378	362	382	368	382	380	350	350	394	388	372	376	366	366	372	342	378	388	356	390	342	354	392	344	366	364	362	368	358	360	398	380	370	372	384	384
	340	350	386	358	358	388	368	404	394	396	344	332	352	410	392	354	402	332	408	374	384	376	370	330	378	358	360	356	358	388	360	364	346	356	364	366	370	354	360	340	348	376	346	342	382	358	398	372	348	370	328	362	364	350	340	334	380	344	352	384	362	366	350	356	370	376	378	350	330	374	348	364	358	374	358	370	364	380	374	350	350	386	380	362	376	360	362	366	334	358	376	346	390	338	348	392	338	350	360	358	368	352	358	384	372	362	366	376	380
	336	348	384	352	348	378	358	390	390	390	342	326	346	398	386	352	396	322	402	368	374	362	366	324	370	346	356	354	348	382	354	358	344	356	354	362	360	346	354	336	338	376	342	330	378	350	396	364	344	366	318	352	352	346	328	322	368	340	346	380	352	364	348	352	360	372	372	346	330	364	346	358	354	368	346	364	362	376	372	334	348	378	374	356	370	358	358	364	330	354	364	342	384	334	348	368	332	348	356	346	362	348	350	380	364	352	362	368	378
	334	342	382	346	338	376	352	370	386	386	342	324	340	390	384	350	384	318	394	366	370	356	358	318	366	340	348	352	340	378	354	348	342	354	350	360	356	338	346	330	332	364	338	328	372	338	392	360	342	364	312	350	348	346	324	318	362	336	340	372	350	358	338	350	354	366	360	344	326	358	340	358	352	364	338	362	352	372	370	330	346	370	366	348	364	356	356	360	328	346	362	338	382	332	348	362	328	340	348	346	358	342	346	376	364	344	360	368	376
	326	342	382	332	336	376	346	368	386	374	340	324	340	386	378	346	374	314	388	364	360	352	352	314	364	338	346	346	328	372	352	348	334	354	350	358	354	334	340	330	324	364	334	328	366	334	386	354	340	362	308	348	346	340	318	316	356	336	336	366	344	350	330	346	350	366	350	336	322	350	340	352	344	348	332	356	346	370	366	328	346	368	362	344	356	356	352	358	326	342	360	328	374	326	344	362	324	332	348	338	356	340	342	370	358	332	356	362	374
	324	340	376	320	336	376	344	360	384	370	334	314	336	384	370	338	372	314	384	360	352	344	350	308	362	324	340	338	326	366	352	340	334	354	344	348	350	330	336	320	322	364	330	328	364	332	380	352	336	358	298	342	340	340	310	312	352	336	332	364	344	342	326	342	350	364	346	336	316	350	338	346	338	344	326	354	346	366	360	318	342	368	352	342	348	348	346	354	312	336	360	322	372	326	344	360	318	328	344	336	356	338	336	366	350	326	350	360	368
	324	338	372	320	334	376	344	360	382	366	334	312	334	380	360	332	368	310	380	352	346	344	350	308	358	322	340	336	324	358	346	330	330	354	338	344	346	330	332	316	318	364	326	322	360	328	378	350	332	354	298	338	340	340	306	308	350	332	328	360	344	338	326	338	350	364	344	334	312	348	334	346	338	334	322	344	344	364	352	318	340	358	348	340	344	348	340	346	310	334	354	312	370	326	344	356	316	324	342	330	354	336	334	362	340	324	344	360	366
	324	332	366	316	328	372	342	354	380	360	334	306	330	374	360	330	356	310	376	352	344	338	346	306	358	320	336	332	320	356	338	328	324	354	338	340	346	324	324	314	318	362	324	320	354	328	376	342	332	348	296	336	340	334	304	306	348	330	324	356	344	338	326	332	344	364	342	330	308	346	334	340	336	332	318	340	342	360	350	316	338	350	344	338	344	348	336	338	310	332	350	312	364	320	340	350	316	324	340	330	352	334	326	358	336	322	336	358	366
	322	332	364	316	322	372	338	352	378	358	330	292	330	366	354	330	352	306	374	352	344	336	344	302	356	318	332	326	316	354	338	328	324	354	332	340	342	316	324	304	314	362	322	318	354	326	372	338	330	342	294	334	336	334	300	304	346	326	324	352	342	338	326	330	336	360	334	326	308	342	330	336	334	332	316	340	340	360	346	312	332	346	342	338	342	344	336	334	308	326	350	302	358	318	340	340	314	324	338	328	350	326	322	354	326	318	334	358	364
	322	328	360	312	318	370	332	352	372	354	330	286	330	362	354	328	350	302	374	350	344	336	342	302	350	316	332	326	312	354	336	328	324	354	322	336	340	310	324	300	310	360	320	316	352	324	368	336	330	342	290	334	334	334	298	302	346	326	322	350	342	336	326	324	330	358	332	322	304	338	328	336	334	330	314	338	340	354	340	312	328	342	336	336	342	342	336	332	300	326	350	302	352	318	340	330	310	324	336	328	350	326	320	352	324	318	328	358	362
	320	326	360	310	316	366	328	348	370	352	326	286	324	362	354	324	350	298	374	348	344	332	340	302	342	314	328	326	310	352	326	322	324	350	316	334	340	306	322	300	308	358	320	312	348	322	368	334	326	340	286	330	322	332	298	294	344	322	320	344	340	332	326	322	328	354	328	320	304	334	324	328	332	330	312	336	334	352	340	310	328	336	326	334	342	340	334	324	300	320	348	296	346	316	338	324	308	324	330	328	350	326	316	350	322	314	326	354	360
	320	324	360	308	314	366	326	348	370	350	326	284	324	358	350	324	348	296	374	342	344	330	340	300	340	310	328	326	308	346	316	316	322	344	316	332	340	304	322	300	308	356	320	312	348	320	366	334	324	338	282	330	318	330	294	292	342	322	320	342	338	330	324	318	328	350	328	314	304	332	324	328	330	326	312	328	332	350	330	306	322	334	326	334	342	336	328	322	300	320	348	294	346	310	336	320	306	318	328	328	346	318	314	348	318	314	324	354	360
	320	322	352	306	314	366	326	348	370	350	326	284	324	358	348	322	344	292	372	336	344	328	336	298	334	310	326	324	308	344	314	312	322	342	310	330	338	302	320	298	308	356	320	310	342	320	366	334	324	338	282	330	318	326	288	290	336	322	318	342	336	328	324	316	328	346	324	314	304	328	322	328	328	326	310	326	332	348	326	306	318	330	326	334	340	336	324	318	298	318	348	292	346	306	334	318	300	318	324	326	346	316	310	346	312	310	320	350	358
	318	320	348	306	312	362	326	346	368	350	326	282	322	354	344	320	338	290	372	332	344	328	332	298	332	310	322	324	306	340	314	312	322	334	304	330	338	294	318	296	306	354	318	306	338	320	364	330	324	336	282	330	318	326	286	288	334	322	316	342	336	322	322	314	326	342	322	314	302	324	322	326	328	324	308	324	326	348	324	304	318	330	324	332	336	336	324	314	296	314	346	292	340	306	330	316	292	314	322	326	346	314	308	344	308	306	320	348	356
	318	316	330	306	312	360	320	344	364	350	326	282	320	352	344	320	334	290	372	322	344	324	326	298	332	310	322	324	306	338	312	312	322	334	304	330	334	286	314	292	302	348	316	298	334	320	364	330	324	332	282	326	316	326	286	286	332	320	314	342	336	322	322	314	326	342	322	314	298	322	322	326	328	322	308	320	322	344	320	304	316	330	320	328	334	326	324	310	294	314	346	288	338	306	330	316	288	310	322	324	344	312	304	342	306	304	320	346	354
	318	314	330	306	306	358	316	340	360	346	326	278	320	352	344	320	332	288	372	322	344	324	326	298	328	308	322	324	306	338	310	312	322	332	300	330	334	284	314	290	300	346	316	296	332	320	362	330	324	328	280	326	306	322	286	284	332	318	314	342	336	322	318	312	322	342	318	314	298	320	318	324	324	318	308	320	316	344	320	302	316	330	316	324	334	322	324	310	292	314	346	282	336	306	330	314	288	302	322	324	344	306	292	342	302	302	320	344	354
	316	312	328	306	306	358	316	340	356	346	324	276	318	348	344	318	332	286	372	322	344	324	326	298	328	308	322	324	306	338	308	310	322	330	294	326	334	284	312	290	296	340	316	294	328	320	360	326	322	326	280	324	304	320	286	282	332	318	312	342	336	318	316	310	320	340	312	314	294	318	318	324	318	318	308	316	312	340	318	296	314	330	316	320	332	322	320	310	290	312	340	282	332	306	328	314	286	298	320	320	344	306	292	342	302	300	320	340	354
	316	312	328	304	306	358	312	338	356	346	318	272	318	344	338	318	328	282	372	322	344	314	324	298	326	308	322	322	306	338	304	306	322	326	290	326	334	280	310	290	296	330	312	294	326	320	360	326	322	324	280	318	302	318	286	282	332	318	310	342	334	314	314	310	316	340	308	314	294	318	318	322	314	318	308	312	308	340	312	296	314	326	312	320	328	322	316	310	290	312	338	282	332	306	326	314	278	294	320	320	340	302	292	342	298	298	320	338	346
	314	312	328	304	306	356	312	332	356	344	316	272	318	344	338	316	324	282	372	322	344	310	324	298	326	308	322	322	306	338	300	306	320	324	286	322	334	280	306	288	294	328	310	294	326	320	360	318	322	324	280	310	302	316	284	280	332	314	308	342	334	312	314	310	314	340	308	314	294	316	316	322	314	318	304	312	304	340	312	296	314	324	308	320	324	322	316	310	290	312	338	282	332	304	326	314	278	294	320	320	340	302	290	342	294	298	320	336	344
	312	312	328	304	306	354	312	328	356	340	316	272	316	344	338	316	324	282	372	320	340	308	324	298	324	306	318	322	306	338	300	304	318	324	286	320	330	280	302	288	292	328	308	292	320	320	358	318	320	324	280	310	302	312	280	280	332	314	304	340	330	312	314	308	314	338	308	312	294	310	316	322	308	312	304	306	302	340	308	296	314	322	306	320	322	320	310	308	286	312	334	282	330	304	318	314	278	294	320	320	340	300	288	342	294	296	320	334	344
	312	312	328	302	306	354	312	326	356	338	316	270	312	342	336	314	320	282	370	320	336	308	324	294	322	306	316	322	306	336	300	298	316	324	286	316	330	280	300	284	288	326	308	290	314	320	352	318	320	324	280	308	302	312	280	278	330	310	294	338	330	312	314	302	310	336	308	312	294	308	316	322	306	310	302	304	302	340	308	296	314	322	306	320	314	318	310	306	284	306	334	282	328	302	318	314	276	292	314	318	340	298	286	342	294	294	318	332	344
	312	312	326	302	306	352	310	324	354	338	314	270	312	338	336	310	320	282	368	320	336	308	324	294	322	306	314	318	306	336	298	296	308	320	280	316	330	280	300	282	288	326	308	290	310	318	348	318	318	324	280	302	302	312	280	274	330	310	294	336	328	312	314	300	310	334	308	308	294	308	316	320	300	310	298	302	300	340	308	296	314	322	306	320	312	318	310	300	284	306	330	280	326	300	316	312	274	290	312	318	340	294	284	342	294	292	318	330	340
	312	312	326	300	306	352	308	320	354	330	314	270	312	338	336	306	320	282	366	320	336	306	324	294	320	302	314	316	306	336	296	296	308	320	280	316	328	280	300	276	286	326	308	290	306	316	348	316	318	322	280	302	302	308	274	272	330	310	292	334	328	312	314	300	310	334	308	304	294	304	314	320	300	306	298	302	300	340	308	296	310	320	302	320	308	316	310	298	284	306	328	280	326	300	316	310	274	290	310	316	340	290	282	338	294	292	318	328	340
	312	312	326	300	306	350	308	318	352	328	314	270	312	336	336	306	320	282	362	320	336	304	324	292	320	300	312	316	306	336	294	290	308	320	280	316	328	280	298	270	286	322	308	290	306	314	348	316	318	322	280	300	302	306	270	268	330	310	292	330	326	312	310	298	310	334	308	300	294	304	312	320	300	306	298	296	300	338	306	294	310	318	302	320	306	316	310	298	282	306	328	280	326	298	316	310	274	290	310	316	336	290	276	338	292	292	318	328	340
	310	312	326	300	306	348	308	316	348	328	314	270	312	334	334	306	318	282	358	320	336	304	324	292	318	298	310	314	306	336	292	284	308	320	278	316	328	278	298	266	286	318	308	290	304	314	348	316	316	320	280	294	298	306	270	266	330	310	290	330	326	312	310	298	310	332	308	298	292	302	310	320	300	306	296	296	298	338	306	294	310	318	300	318	306	316	310	296	282	306	328	280	326	298	316	310	274	290	308	316	336	290	274	338	292	292	316	328	340
	308	312	326	300	304	342	308	314	346	326	310	268	312	334	334	306	318	282	356	320	336	304	324	290	314	296	310	312	306	336	288	282	306	318	278	316	328	278	296	264	286	316	308	290	302	314	346	316	316	320	278	294	298	304	270	266	330	310	286	330	324	312	310	298	308	332	308	294	292	300	308	318	298	304	296	294	296	338	306	292	310	318	298	318	306	314	308	292	278	306	324	280	326	298	316	310	270	290	308	316	336	290	272	338	288	292	316	326	338
	308	312	322	300	304	342	308	312	346	324	308	268	310	334	334	306	318	282	356	320	336	304	324	290	314	296	310	308	306	332	286	280	306	318	278	314	326	278	294	260	284	312	306	290	300	314	342	314	316	320	276	290	296	304	270	266	330	310	284	330	322	312	310	298	308	326	308	294	290	300	308	316	296	304	296	294	296	338	306	292	310	316	298	314	306	314	308	292	278	306	324	280	326	298	316	310	270	288	306	312	334	290	268	338	288	292	312	326	336
	308	312	320	300	304	338	306	312	344	324	308	264	310	332	330	304	318	282	356	318	336	304	324	290	314	296	310	308	306	332	280	276	304	316	278	310	326	278	292	260	284	312	300	288	300	314	340	312	316	320	270	286	294	302	268	266	330	308	284	330	320	312	308	298	308	326	308	290	290	300	308	314	290	304	296	294	296	338	306	292	308	316	296	308	306	314	308	292	276	306	322	280	326	298	316	310	268	286	306	312	334	286	264	338	286	290	312	320	334
	304	312	318	300	304	334	306	308	338	322	308	262	310	332	328	304	318	282	356	316	336	304	324	290	314	296	310	308	306	332	280	274	304	316	274	306	324	278	292	260	284	312	298	286	300	314	340	308	316	318	270	282	294	300	266	266	328	308	284	326	314	312	306	298	308	326	308	286	290	300	306	314	290	304	296	294	292	336	306	290	304	316	296	304	306	314	306	292	276	306	322	280	326	294	316	310	268	286	304	312	334	286	264	338	286	290	312	320	330
	302	310	318	300	302	334	304	308	338	320	308	262	310	330	326	302	318	282	356	316	332	302	324	288	310	290	310	308	306	330	280	274	304	314	272	302	322	278	292	260	284	312	298	284	300	314	340	308	316	318	268	278	294	300	266	264	328	308	284	326	304	312	306	298	306	324	308	284	290	300	304	314	288	304	296	292	290	334	306	288	304	316	296	300	306	314	306	288	276	306	322	278	326	294	316	310	268	284	304	312	330	276	264	336	284	290	308	320	328
	302	310	318	296	302	334	304	308	338	320	304	260	310	330	326	300	318	282	354	316	328	300	324	288	310	288	310	306	306	328	280	272	302	310	270	300	322	278	290	260	284	308	296	284	300	314	340	308	314	318	268	274	288	300	266	264	328	308	284	326	304	312	304	296	304	324	306	282	288	296	302	312	284	304	296	292	288	334	306	288	304	316	294	298	306	314	306	288	276	306	322	278	326	294	316	308	268	282	302	312	330	274	264	334	284	286	304	320	328
	298	308	318	296	300	334	304	308	338	320	300	260	310	324	324	300	318	282	354	316	328	298	324	282	308	288	308	304	304	326	280	272	300	306	270	300	320	278	290	258	284	306	296	284	300	312	340	302	314	314	268	274	288	300	266	262	328	306	282	326	302	312	304	296	304	324	304	282	286	296	302	312	282	304	296	290	288	334	306	288	304	310	294	298	304	314	306	288	274	306	322	278	326	294	314	306	268	282	300	312	330	272	262	334	282	284	304	316	326
	298	306	316	296	300	330	304	308	336	318	300	260	310	324	324	300	318	282	350	314	328	298	324	282	302	288	306	304	302	324	280	270	300	306	270	300	320	276	288	258	284	306	296	284	300	312	340	300	314	314	266	274	288	300	266	260	326	304	282	326	302	312	304	296	304	324	296	282	286	294	302	310	282	304	294	290	286	334	306	286	304	308	290	298	304	314	304	288	274	306	320	278	326	294	314	306	268	278	300	312	326	272	262	334	282	284	304	312	326
	296	306	316	296	300	330	304	308	336	318	298	260	310	324	322	300	316	282	348	312	328	298	324	282	300	286	306	302	302	324	280	270	298	304	262	300	318	276	286	258	284	306	296	284	300	310	332	298	314	314	266	274	288	300	266	260	324	302	280	326	302	312	302	294	304	324	292	282	284	294	298	306	282	304	294	290	286	334	306	286	304	304	290	296	304	314	304	288	274	306	320	278	326	294	314	306	268	276	300	312	322	272	262	334	282	284	304	312	326
	294	304	314	296	296	330	302	308	336	316	298	260	310	324	320	300	314	282	346	308	328	298	324	282	300	286	306	302	300	322	280	270	298	304	260	300	314	276	286	258	284	304	296	284	298	310	328	298	314	312	266	272	288	300	266	260	324	302	278	326	302	312	300	294	302	324	292	282	284	294	298	306	280	304	294	290	282	332	302	286	304	302	288	294	304	314	304	288	274	306	320	278	326	292	314	306	268	276	298	312	322	270	262	334	282	284	302	312	324
	294	304	312	296	296	330	302	306	336	316	298	260	310	324	320	300	314	282	344	306	328	298	324	276	300	284	304	300	300	322	276	266	296	304	260	300	314	276	284	258	284	304	296	284	296	308	326	298	314	312	266	272	288	300	264	260	324	302	278	324	302	312	298	294	302	324	292	282	284	294	296	304	276	304	294	290	280	332	302	286	302	302	288	292	304	314	304	288	274	306	320	278	326	292	314	304	266	276	298	312	322	270	262	332	280	282	302	312	322
	294	304	312	294	296	330	302	304	336	314	298	260	310	324	320	300	312	282	344	306	328	298	324	276	300	284	304	300	298	322	274	266	296	304	260	300	314	276	284	258	280	304	294	284	296	308	324	298	314	312	266	272	288	300	264	260	322	302	276	324	302	312	294	294	302	324	292	282	284	292	296	304	276	302	294	290	280	330	302	286	302	302	286	292	304	314	304	288	272	306	320	278	326	292	312	302	266	274	298	312	322	268	262	330	280	280	302	312	322
	294	302	310	294	296	330	302	302	336	314	298	260	310	324	320	300	312	282	344	304	328	298	322	276	300	284	302	300	298	322	274	266	296	304	260	300	314	276	280	258	280	302	294	284	296	304	322	298	314	308	266	270	288	300	264	260	318	302	274	324	302	312	290	294	302	324	292	282	284	292	296	300	274	300	294	290	278	328	302	286	298	302	284	292	304	314	304	288	272	306	320	278	326	292	312	302	266	272	298	312	322	264	260	328	280	278	302	312	322
	292	302	306	292	296	330	302	300	336	314	298	260	310	320	320	300	310	282	344	304	328	298	320	274	298	284	300	300	298	320	266	266	296	304	260	300	314	276	278	258	280	302	292	284	296	304	322	298	312	308	266	266	288	300	264	258	318	302	274	324	302	310	290	292	302	324	290	282	284	292	294	300	274	298	292	290	278	328	302	286	298	302	284	292	304	314	304	288	272	306	320	278	326	292	310	302	266	272	296	312	322	264	260	328	280	278	298	312	322
	292	302	306	290	296	330	302	300	336	314	292	260	310	320	320	300	310	282	344	304	326	298	320	272	298	282	300	300	298	314	266	266	296	304	258	300	314	276	276	258	280	302	292	284	296	300	320	296	312	308	266	264	288	300	262	256	318	302	270	322	302	310	290	292	302	324	290	282	280	290	292	298	272	296	292	290	278	326	300	284	298	302	280	292	304	314	304	286	272	306	320	278	326	292	310	302	264	272	292	312	322	264	258	328	278	278	294	312	322
	292	302	306	290	296	328	302	298	336	314	290	260	310	320	320	300	310	282	342	304	326	298	320	268	298	282	300	300	298	312	266	266	296	304	258	296	314	276	274	258	280	302	292	284	296	296	320	296	310	308	266	264	288	300	262	256	316	302	270	322	302	310	290	290	300	324	290	282	280	286	292	298	272	294	292	290	278	322	300	282	298	298	278	292	304	312	302	286	272	306	320	278	326	292	310	302	264	272	290	312	322	264	258	328	278	278	290	312	322
	290	302	304	290	296	328	300	296	332	314	290	260	310	316	320	300	310	282	340	304	324	298	320	268	298	282	300	300	298	312	266	266	296	300	258	296	314	276	274	258	280	302	292	284	296	292	318	292	310	306	266	264	288	300	262	256	316	302	270	322	302	308	290	290	300	324	290	282	280	286	290	298	272	294	292	290	278	322	300	282	296	298	278	292	304	312	302	286	272	306	320	276	326	292	310	302	264	272	290	312	322	264	258	328	278	274	288	312	320
	290	302	302	290	296	328	300	296	328	314	290	260	310	316	318	300	310	282	340	304	322	298	320	268	298	282	300	300	298	312	266	264	296	300	258	294	314	276	274	258	280	302	292	284	296	292	314	290	310	306	266	264	288	298	262	256	314	302	270	316	302	308	288	290	300	324	290	282	280	286	290	298	268	294	290	290	276	318	300	280	296	296	278	292	304	310	300	284	270	306	318	272	326	292	306	302	262	268	290	312	322	264	258	328	278	270	288	310	318
	290	302	302	290	296	328	300	296	324	314	288	260	310	316	318	300	310	280	340	304	320	298	320	268	298	282	300	298	298	310	264	264	296	298	258	294	312	276	274	258	280	302	292	284	294	290	314	290	306	302	266	264	288	298	262	254	312	302	270	312	302	308	288	290	300	324	290	282	280	284	288	298	268	290	290	290	274	316	300	280	296	296	278	292	304	310	300	284	270	306	320	272	326	292	306	302	260	268	288	312	322	264	258	328	278	268	284	310	318
	290	302	302	290	296	328	300	296	324	314	288	260	308	316	318	300	308	278	340	304	320	298	320	266	296	282	300	298	298	310	264	262	296	298	258	294	312	276	274	258	280	302	292	284	294	288	314	290	306	302	266	264	288	298	262	252	310	302	270	308	302	308	286	290	300	324	290	282	280	284	288	296	268	290	290	286	268	316	300	280	296	294	276	290	304	310	298	282	270	306	320	272	326	292	306	302	258	268	288	312	322	264	258	328	278	268	280	310	318
	290	300	302	290	296	328	300	296	322	314	288	260	308	316	318	298	308	278	340	304	320	298	320	266	296	282	300	298	298	310	264	262	296	296	258	294	312	274	274	258	280	300	292	284	294	288	314	286	306	300	266	262	288	298	262	252	310	302	268	300	302	306	284	290	300	324	288	282	280	282	286	290	268	290	290	286	264	316	298	280	296	292	274	290	304	310	298	282	268	306	320	272	326	292	306	302	258	268	288	310	322	264	258	328	278	268	280	306	318
	290	296	302	290	296	328	300	296	322	314	288	260	308	316	318	296	306	278	340	302	320	298	320	266	296	280	298	296	298	306	264	262	296	296	258	294	312	272	274	258	280	296	292	284	294	286	314	286	306	298	266	262	288	298	262	252	310	302	268	300	300	306	284	290	300	324	286	282	280	282	286	290	268	290	290	284	262	316	292	278	296	292	274	290	304	310	298	282	268	306	320	272	326	292	306	300	256	262	286	310	320	262	258	328	276	268	280	306	318
	290	296	302	290	296	328	300	296	320	314	288	260	304	314	316	294	306	278	340	298	320	298	320	264	296	280	298	296	298	306	264	262	296	296	258	294	312	272	274	258	280	296	292	284	292	286	312	284	304	296	266	262	288	298	262	252	310	302	268	300	300	306	282	288	298	322	282	282	280	282	284	288	268	290	290	284	258	316	290	278	296	292	272	290	304	310	298	282	268	306	318	272	326	292	306	300	256	262	286	310	320	262	258	328	276	268	280	306	318
	290	296	302	288	296	326	300	296	316	314	288	258	304	314	316	292	306	278	340	296	316	296	320	264	296	280	296	294	296	306	264	262	296	296	258	294	310	272	270	258	280	296	292	284	292	286	312	284	304	296	266	262	288	298	262	252	310	302	268	300	298	306	282	288	298	320	282	282	280	282	282	288	268	290	290	284	258	314	284	278	296	292	270	288	304	308	298	282	268	306	312	272	326	292	306	298	254	262	284	310	320	262	258	328	276	268	278	306	318
	290	296	302	288	296	326	300	296	314	314	288	258	304	314	316	292	304	278	340	292	312	296	320	264	296	280	294	292	296	304	264	262	296	296	258	294	310	272	270	258	280	296	292	284	292	286	310	282	304	296	266	262	288	298	262	250	310	300	268	298	298	306	282	288	298	320	280	280	280	282	280	288	268	290	290	284	258	314	284	278	296	292	270	288	304	308	298	282	268	306	310	272	326	292	306	298	254	262	284	310	316	262	258	328	274	268	278	306	318
	290	296	298	288	296	324	300	296	314	314	286	258	304	312	316	290	302	278	340	290	310	296	316	264	296	280	294	292	296	302	264	262	296	296	258	292	310	272	268	258	280	296	292	284	292	284	310	278	302	296	266	262	288	298	262	250	310	300	268	298	298	306	282	288	298	318	280	280	280	280	278	288	268	288	290	282	258	314	284	278	296	290	270	288	304	308	298	282	268	306	308	270	326	292	306	296	254	260	284	310	316	260	258	328	274	268	278	306	318
	290	296	298	288	296	324	300	296	314	314	286	256	304	312	316	290	302	278	340	290	310	296	316	264	296	280	292	292	296	302	264	262	296	296	258	290	310	272	266	256	280	296	290	282	292	282	310	276	302	296	266	262	288	298	260	250	310	300	268	294	298	306	282	286	298	318	280	276	276	280	274	288	268	288	290	282	258	312	284	278	296	286	270	288	304	304	298	282	264	306	308	270	326	292	306	296	254	260	284	308	316	260	258	328	272	268	276	306	318
	290	296	298	288	296	324	300	296	314	314	286	254	304	312	316	288	302	278	340	290	310	296	316	264	296	280	292	292	292	300	264	262	296	296	258	290	310	272	266	254	280	296	290	282	292	282	308	276	302	296	266	262	288	296	258	250	310	300	268	292	298	306	280	286	298	318	280	274	276	278	272	284	268	288	290	282	256	312	284	278	294	284	270	288	302	302	298	282	262	306	308	270	326	292	306	296	254	260	284	308	316	260	258	328	272	268	276	296	318
	290	296	296	288	296	324	300	294	314	314	286	252	302	310	316	288	302	278	340	290	310	296	316	264	296	280	292	292	292	298	264	262	296	296	258	290	310	268	260	254	276	296	290	282	292	282	308	276	302	296	266	260	288	296	258	250	310	300	268	292	294	306	280	286	298	318	280	274	276	278	268	282	266	288	290	280	254	312	284	278	292	284	270	288	298	298	298	280	262	306	308	270	326	292	306	294	254	260	284	308	314	260	258	326	270	268	276	296	318
	290	296	294	288	296	324	298	294	314	314	286	252	300	310	316	288	300	278	340	288	308	296	316	264	296	280	292	290	292	298	264	260	296	296	258	288	310	268	260	254	274	296	290	282	292	282	308	276	302	296	266	260	288	296	258	250	310	300	268	292	294	306	278	286	298	318	280	272	276	278	268	280	266	288	290	280	252	312	284	278	290	282	270	288	298	296	296	280	262	306	308	268	326	292	306	294	254	260	284	308	314	258	258	324	268	268	276	296	316
	290	296	294	288	296	324	294	294	314	314	286	252	298	310	316	288	300	278	340	288	308	296	316	264	296	280	292	290	292	298	262	260	296	296	258	288	310	268	260	252	274	296	288	282	292	282	306	276	302	296	266	260	286	296	258	248	310	300	268	290	294	306	278	286	298	318	280	272	276	278	268	280	266	286	290	280	252	312	284	278	288	282	270	288	298	294	296	280	262	300	308	268	326	292	306	294	254	260	284	308	314	258	256	324	268	266	274	296	316
	290	296	294	288	296	322	292	294	314	314	286	252	296	308	316	286	300	278	340	286	308	294	314	264	294	280	292	288	292	298	262	260	296	296	258	288	310	268	260	252	274	296	288	282	292	280	304	276	302	296	266	260	284	296	258	248	310	298	268	290	294	306	278	286	298	318	280	270	276	278	268	278	266	286	290	280	252	312	282	278	288	282	270	288	298	294	294	276	262	300	308	268	326	292	306	294	254	260	284	308	314	258	254	322	268	264	274	294	316
	290	296	294	286	296	322	292	294	314	314	286	252	294	308	316	286	300	278	340	284	308	294	314	264	294	280	292	288	292	298	262	260	296	296	258	288	310	268	260	252	274	294	288	282	292	280	304	276	302	296	266	258	284	296	258	248	310	296	268	290	294	306	278	286	298	318	280	268	276	278	268	278	266	286	290	278	252	312	282	278	288	282	270	288	298	294	294	276	262	300	308	268	326	292	306	294	254	260	284	308	314	258	254	318	268	264	274	294	316
	290	296	292	286	296	322	292	294	314	314	286	252	294	308	316	286	300	278	340	280	308	294	314	264	294	280	292	288	292	298	262	258	296	296	258	288	310	268	260	246	274	294	288	282	292	280	304	276	302	296	266	256	284	296	258	246	310	296	268	290	294	306	278	286	298	318	280	268	274	278	268	278	266	286	290	278	252	312	282	278	286	278	270	288	298	294	294	276	262	300	308	268	326	292	306	294	254	260	284	308	314	258	254	318	266	262	274	294	316
	290	296	292	286	296	322	292	294	314	314	286	250	292	308	316	286	300	278	340	280	306	294	314	264	294	280	292	288	292	298	262	258	296	296	258	288	310	268	260	246	274	294	288	282	292	280	304	276	302	296	266	256	284	296	258	246	310	296	268	290	294	306	278	286	298	318	280	268	274	278	268	278	266	286	290	278	252	312	282	276	286	278	270	288	298	294	294	272	262	298	308	268	326	292	306	294	254	260	282	308	314	258	254	318	266	262	274	294	316
	290	296	292	286	294	322	292	294	314	314	284	250	292	308	316	286	300	278	340	280	306	294	314	264	294	280	292	288	292	298	262	258	296	296	258	288	310	268	260	244	274	294	288	282	292	280	304	274	302	296	266	254	284	296	258	246	310	296	268	290	294	306	278	286	298	318	280	264	272	278	266	278	266	284	290	278	252	312	282	276	286	278	270	288	296	292	294	272	262	296	308	268	326	292	306	294	254	258	282	308	312	258	254	316	266	262	274	294	316
	290	296	292	286	294	322	292	294	314	314	282	250	290	308	316	286	300	278	340	280	306	292	312	264	294	280	292	288	288	298	262	258	296	296	258	288	310	268	260	242	274	294	288	282	290	278	304	274	302	294	266	254	284	296	258	244	310	296	268	290	294	306	276	286	298	318	280	264	272	278	264	278	266	282	290	278	252	312	282	274	286	278	268	288	296	292	294	272	262	294	308	268	326	292	306	294	254	258	282	306	312	254	254	314	264	262	274	294	316
	290	296	292	286	294	322	292	294	314	314	282	250	290	308	316	286	298	278	340	278	306	290	312	264	294	278	290	286	288	298	262	258	296	296	258	286	310	268	258	242	274	294	288	282	288	278	304	274	300	294	266	254	284	296	258	242	310	296	264	290	294	306	276	286	298	318	280	264	272	278	264	278	266	282	290	278	252	312	280	274	286	278	262	288	296	292	294	272	262	292	308	268	326	292	304	294	254	258	282	306	312	252	254	312	264	262	274	294	316
	288	296	292	286	292	322	292	294	312	314	280	250	286	308	316	286	298	276	340	278	304	290	312	264	294	278	290	286	288	298	262	258	296	296	258	284	310	268	258	242	274	294	288	282	288	276	304	274	300	292	266	254	284	296	258	242	310	296	264	290	294	306	276	286	298	318	280	264	272	278	264	278	266	282	290	278	252	312	280	274	286	276	262	288	296	292	294	270	260	290	308	268	326	292	304	294	254	258	282	306	310	250	254	312	262	262	274	294	316
	288	296	292	286	288	322	292	294	312	314	278	250	286	308	316	286	298	276	340	278	304	290	312	264	294	278	290	286	288	298	262	258	296	294	258	284	310	268	258	242	274	294	288	282	288	276	304	274	300	290	266	254	284	296	258	242	310	296	264	288	294	304	276	284	298	318	280	264	272	278	264	278	266	278	290	278	252	312	280	274	286	276	262	288	296	292	294	270	260	288	308	268	326	292	304	294	254	258	282	306	310	250	254	312	260	262	274	294	314
	288	296	290	284	288	322	292	294	312	312	274	250	284	308	314	284	298	276	340	278	302	290	312	264	290	278	290	286	288	298	262	258	296	294	258	284	310	268	256	242	274	294	288	282	288	276	304	274	300	290	266	254	284	296	258	242	310	296	262	288	294	304	276	282	298	318	280	264	272	278	264	278	266	278	290	278	252	312	280	272	286	276	262	288	296	292	294	270	260	288	306	268	326	292	304	294	254	258	282	306	310	250	254	312	260	262	274	294	310
	288	296	290	284	288	322	292	290	310	312	274	250	280	308	314	284	298	276	340	278	302	290	312	264	290	278	290	284	286	298	262	256	296	294	258	282	310	268	256	242	274	286	288	282	288	276	304	274	296	290	266	250	284	296	258	242	310	296	262	288	294	304	276	282	298	318	280	262	270	278	264	278	266	278	290	278	252	312	280	272	286	274	262	288	296	292	294	270	260	288	306	268	326	292	304	294	250	258	282	306	310	250	254	312	260	262	274	294	310
	288	296	290	282	288	320	292	290	310	312	274	250	280	308	314	284	296	276	340	278	298	290	312	264	290	278	290	282	284	298	262	256	296	292	258	280	310	268	256	242	270	286	286	282	288	276	304	274	292	290	266	250	284	296	258	240	310	296	262	288	294	304	274	282	298	318	280	262	270	278	262	278	266	278	290	278	252	312	280	272	286	274	262	288	296	292	294	270	258	288	306	268	326	292	304	294	250	258	282	306	308	248	254	312	260	262	274	294	308
	288	296	290	282	288	320	292	288	310	312	272	250	280	308	314	284	296	276	340	278	298	290	312	264	290	278	290	282	284	298	262	256	296	292	258	280	310	268	256	242	270	282	286	282	288	274	302	274	292	282	266	250	284	294	258	240	310	296	262	288	294	304	270	282	298	318	280	262	270	278	262	278	266	278	290	278	252	310	280	272	286	274	258	286	296	292	294	270	258	288	306	268	326	292	304	294	250	258	282	306	308	248	254	312	260	262	274	294	308
	288	296	290	282	288	320	292	288	310	312	272	248	278	306	314	284	296	276	340	278	298	290	312	264	290	278	290	282	284	298	262	256	296	292	258	280	308	268	256	242	270	282	284	282	288	274	302	274	290	282	266	250	284	294	258	240	310	296	260	288	294	304	270	282	298	318	280	262	268	278	262	278	264	278	290	278	252	310	280	270	286	274	256	286	296	292	294	270	258	288	304	268	326	292	304	294	248	258	282	306	308	248	254	312	260	262	272	294	308
	288	296	290	280	288	320	292	288	308	312	272	248	276	306	314	284	294	276	340	278	298	290	310	264	290	278	290	282	282	298	262	256	296	292	258	280	308	268	256	242	270	282	284	282	288	274	300	274	290	282	266	250	284	292	258	240	310	296	260	288	294	304	270	282	298	318	280	262	268	278	262	278	264	278	290	278	252	310	280	270	286	274	256	286	296	292	294	270	258	288	304	266	326	292	304	294	248	258	282	306	306	248	254	312	260	262	272	294	308
	288	296	290	280	288	318	292	288	304	312	272	248	274	302	314	282	294	276	340	278	294	288	310	262	290	278	288	282	282	298	262	256	296	292	258	280	308	268	256	242	270	282	284	282	288	274	300	274	290	280	264	250	284	292	258	240	310	296	260	288	294	304	268	282	298	318	280	262	268	278	262	278	264	278	290	278	252	310	280	270	284	274	256	286	296	290	294	270	252	288	304	266	324	292	304	294	246	256	282	306	304	248	254	312	260	262	272	294	308
	288	294	290	278	288	316	292	288	300	312	272	246	274	302	314	282	294	276	340	278	294	288	310	262	290	276	288	282	282	298	262	256	296	292	258	280	308	268	254	242	270	282	282	282	288	274	300	274	290	278	264	246	284	292	258	240	310	296	260	288	294	304	268	282	298	318	280	262	268	278	262	278	264	278	290	278	252	308	280	270	282	272	256	286	296	290	294	270	250	286	304	266	316	292	304	292	246	256	282	306	302	248	254	312	260	262	270	294	306
	288	294	290	276	288	316	292	288	300	312	272	246	274	302	314	282	292	276	340	276	292	288	310	262	290	274	288	282	282	298	262	256	296	292	258	280	308	268	252	242	270	282	282	282	288	274	300	274	290	276	264	246	284	292	256	240	310	296	260	288	294	304	266	282	298	316	280	262	266	278	262	278	264	278	290	278	252	308	280	270	282	270	256	286	296	290	294	270	250	284	304	264	316	292	304	292	246	256	282	302	302	248	254	312	256	262	266	294	304
	288	294	290	276	288	316	292	288	298	312	272	242	274	302	312	282	292	276	340	276	292	288	310	262	290	274	288	282	282	298	262	256	296	292	258	280	308	268	252	242	270	282	282	282	288	274	300	274	288	274	264	246	284	292	256	240	310	296	260	288	294	304	266	280	298	316	280	262	266	278	262	278	264	278	290	278	252	308	280	268	282	270	256	286	296	290	294	270	250	284	304	264	316	292	304	292	246	256	280	300	302	248	254	312	256	262	266	294	302
	288	294	290	276	288	316	292	288	298	312	272	242	274	302	308	282	292	274	340	276	292	288	310	262	288	272	288	282	282	298	262	256	296	292	258	280	308	268	252	238	270	280	282	282	288	274	300	274	288	274	264	246	284	292	256	240	310	296	260	288	294	304	264	280	298	316	280	262	266	278	262	276	264	278	290	278	252	306	280	268	282	270	256	286	296	290	294	270	246	284	302	264	314	292	304	292	246	256	280	300	302	248	254	312	256	262	266	294	300
	288	294	290	276	288	316	292	286	298	312	270	242	274	302	306	282	292	274	340	274	288	288	310	262	288	272	288	282	282	298	262	256	296	290	258	280	308	268	252	238	270	280	280	282	288	274	298	274	288	274	264	246	284	292	256	240	310	296	260	288	294	304	262	280	294	316	280	260	266	278	262	276	264	278	290	278	252	306	280	268	282	270	256	286	294	288	294	270	246	284	302	264	314	292	304	292	246	254	280	300	302	248	254	312	252	262	264	294	298
	288	294	290	276	288	316	292	286	298	308	270	242	274	302	304	282	292	274	340	274	284	288	308	262	288	272	288	282	282	298	262	256	296	290	258	280	308	268	252	238	270	280	280	282	288	274	298	274	288	274	264	246	284	292	256	240	310	296	260	288	294	304	262	280	294	316	280	258	266	276	262	276	264	278	290	278	252	306	280	268	282	270	256	286	290	288	294	270	246	284	300	264	314	292	304	292	246	254	280	294	302	248	254	312	252	262	264	294	298
	288	294	290	276	288	316	292	286	298	306	270	242	274	302	302	282	292	274	340	274	284	286	308	262	288	272	288	282	282	298	262	256	296	290	258	278	308	268	252	238	270	276	280	282	288	274	298	274	288	274	264	246	284	292	256	240	310	292	260	288	294	304	262	280	294	316	280	258	266	276	262	276	264	278	290	278	252	306	280	268	282	270	256	286	288	288	294	270	246	284	298	264	314	292	304	292	246	252	280	294	302	248	254	312	252	262	264	294	296
	288	294	290	274	288	316	292	286	296	306	270	242	274	302	302	282	292	274	340	274	284	286	308	262	288	270	288	282	282	298	262	256	296	290	258	278	308	268	252	236	270	276	280	282	288	274	298	274	288	274	264	246	284	292	256	240	310	288	260	288	294	304	260	278	294	316	280	258	266	276	262	276	264	278	290	278	252	306	280	266	282	270	256	286	288	288	294	270	246	284	298	264	314	292	304	292	246	252	280	294	302	248	254	312	252	262	264	294	296
	288	290	290	272	288	316	292	284	296	306	270	242	272	302	302	282	290	274	340	274	284	286	308	262	288	270	286	282	282	298	262	256	296	290	258	278	308	268	252	236	270	276	276	280	288	274	298	274	288	274	264	244	284	292	256	240	310	288	260	288	294	304	256	278	294	316	280	258	264	276	262	276	264	278	290	278	252	306	280	266	282	270	256	284	288	288	292	270	246	284	298	264	314	292	304	292	246	246	278	294	302	246	254	312	252	262	260	294	292
	288	290	290	272	288	316	292	282	296	306	270	242	270	302	302	282	290	274	340	274	284	286	308	262	288	270	286	282	280	298	262	256	294	290	256	278	308	268	252	236	270	276	276	280	288	274	298	274	286	274	262	244	284	292	256	240	310	288	260	288	294	304	254	278	294	316	280	258	264	276	262	276	264	278	290	278	252	306	280	266	280	270	256	284	288	288	292	270	246	284	298	264	314	292	304	292	246	244	278	294	302	246	254	312	252	262	258	294	290
	288	290	288	272	288	316	292	282	294	306	270	242	270	302	302	282	290	274	340	274	284	284	308	262	288	270	286	282	278	298	262	256	294	290	256	278	308	268	252	236	270	276	276	280	288	274	296	274	284	274	262	244	284	292	256	240	310	288	260	288	294	304	254	278	294	314	280	258	264	276	262	274	264	278	290	278	252	306	280	266	278	270	256	284	288	288	292	270	246	284	298	264	314	292	304	292	246	244	278	294	302	246	254	312	252	262	258	294	290
	288	288	288	272	288	316	292	280	294	306	270	242	268	302	302	282	290	274	340	274	284	284	308	262	288	270	286	282	276	298	262	256	294	290	256	278	308	268	252	236	268	276	276	280	288	274	292	272	284	274	260	244	284	292	256	240	310	288	260	284	294	304	254	278	294	314	280	258	264	276	262	274	264	278	290	278	252	306	280	266	278	270	256	284	288	288	292	270	246	284	298	264	314	292	304	292	246	244	278	292	302	246	254	312	252	262	258	294	288
	288	286	288	272	288	316	292	280	292	306	270	240	268	302	302	282	290	274	340	274	284	284	308	262	288	270	286	282	276	298	262	256	294	290	256	278	308	268	252	234	268	276	274	280	288	274	292	272	284	274	258	244	284	292	256	240	310	288	260	284	294	304	254	278	294	314	280	258	264	276	262	274	264	278	290	278	252	306	280	266	278	270	256	284	288	288	292	270	246	284	298	264	314	292	304	292	246	244	278	292	302	246	254	312	252	262	258	294	288
	288	286	288	272	288	316	292	278	292	306	270	240	268	302	302	282	290	274	340	274	284	284	306	262	288	268	282	282	276	298	262	256	294	290	254	276	308	268	250	234	268	276	274	280	288	274	292	272	284	274	258	244	284	292	254	240	310	286	260	284	294	304	254	278	294	314	280	258	264	276	262	274	264	276	290	278	252	306	278	262	278	270	256	284	288	288	292	270	246	284	298	264	314	292	304	292	246	244	276	290	302	246	254	312	252	262	258	294	288
	288	286	288	272	288	316	292	278	292	306	270	240	266	302	302	282	290	274	340	274	284	284	306	262	288	268	282	282	276	298	262	256	294	290	254	276	308	268	250	234	268	276	274	280	288	274	292	272	284	274	258	244	282	292	254	240	310	284	260	284	294	304	254	278	294	312	280	258	264	274	262	274	264	276	290	278	252	306	278	262	278	270	256	284	288	286	292	270	246	284	298	264	314	292	304	292	246	244	276	290	302	246	254	312	252	262	258	294	286
	288	286	288	272	288	316	290	278	292	306	270	240	266	302	302	282	290	274	340	274	284	284	306	262	288	268	282	282	276	298	260	256	294	290	254	276	308	268	250	234	266	276	274	280	288	274	292	270	282	274	258	244	282	292	254	240	310	284	260	284	294	304	254	278	294	312	280	258	264	274	262	272	264	276	290	278	252	306	278	262	278	268	256	284	288	286	292	268	246	284	298	264	314	292	304	292	246	244	276	290	302	246	254	312	252	262	258	294	286
	288	286	288	272	288	316	290	276	292	306	270	240	266	300	302	282	290	274	340	274	284	284	306	262	288	268	282	282	276	298	260	256	294	290	254	276	308	268	248	234	264	276	274	280	288	274	292	270	280	274	258	244	282	290	252	240	310	284	260	284	294	304	254	278	294	312	280	258	264	274	262	272	264	274	290	278	252	306	278	258	278	268	256	284	288	286	292	268	246	284	298	264	314	292	304	292	246	244	276	290	302	246	254	312	252	262	258	294	286
