	0	0	0	0	0	0	0	0	0	0	0	0	0	0	0	0	0	0	0	0	0	0	0	0	0	0	0	0	0	0	0	0	0	0	0	0	0	0	0	0	0	0	0	0	0	0	0	0	0	0	0	0	0	0	0	0	0	0	0	0	0	0	0	0	0	0	0	0	0	0	0	0	0	0	0	0	0	0	0	0	0	0	0	0	0	0	0	0	0	0	0	0	0	0	0	0	0	0	0	0	0	0	0	0	0	0	0	0	0
	376	374	358	348	356	362	358	366	366	360	360	364	366	358	382	378	380	364	368	362	352	372	370	366	360	372	376	360	354	384	384	360	360	364	350	380	364	368	348	358	364	370	382	386	380	374	356	380	378	390	368	378	366	354	378	364	368	362	368	366	364	362	382	370	352	376	348	382	388	386	368	370	356	368	384	364	376	368	364	354	358	358	360	368	352	350	384	372	374	370	356	370	378	374	346	360	376	362	408	354	354	362	364	358	358	376	366	364	368
	350	340	328	306	328	324	308	334	320	320	324	324	324	318	348	340	330	332	334	330	328	334	338	330	320	336	332	324	320	350	338	312	324	344	312	350	332	324	314	336	322	320	328	328	348	338	322	346	330	340	332	340	320	318	326	332	330	326	324	332	326	324	348	334	314	338	310	340	338	338	338	328	312	326	338	328	326	328	322	312	324	318	308	316	308	324	350	330	330	338	330	336	320	332	322	324	336	330	354	312	326	310	320	326	318	318	324	328	320
	296	304	286	278	298	282	262	294	288	288	296	278	306	280	312	298	290	292	304	310	288	294	298	304	280	302	302	280	284	312	304	276	286	300	280	318	302	290	292	310	290	288	294	298	302	308	278	302	304	310	300	304	290	286	288	312	280	284	304	294	298	302	292	306	290	302	286	290	306	304	300	288	288	288	284	282	302	288	286	280	288	282	284	290	272	288	320	296	298	294	296	288	288	298	280	288	290	296	302	276	290	280	296	296	298	298	296	298	282
	270	286	264	254	272	256	250	264	260	260	270	248	280	252	274	278	278	278	278	286	256	258	274	266	248	284	280	242	242	272	270	260	258	264	258	296	266	250	260	282	266	258	272	260	280	268	254	266	268	278	260	274	266	258	248	276	246	256	270	262	262	272	270	274	262	274	262	266	270	272	286	272	250	264	258	258	274	250	264	248	264	256	262	264	256	258	290	266	272	266	272	266	274	264	264	254	260	280	270	248	272	248	278	266	258	264	270	264	250
	248	280	244	242	250	232	238	242	248	238	248	228	266	238	250	262	252	256	260	258	236	240	254	246	226	266	264	230	236	236	246	244	246	252	238	256	240	230	234	268	246	230	254	246	258	256	222	244	244	258	236	256	250	238	240	258	236	240	252	240	244	244	256	258	246	258	234	242	244	250	268	250	228	224	232	234	258	236	240	238	234	232	246	248	248	242	266	234	246	240	248	242	260	242	248	228	226	264	254	232	250	234	248	254	236	238	242	240	232
	218	248	226	224	236	216	222	226	236	224	232	218	246	216	232	240	240	232	242	238	226	230	234	234	218	244	246	212	226	224	222	228	232	232	232	250	220	210	222	244	230	226	232	236	246	228	202	232	232	220	220	226	224	224	228	246	224	218	222	224	234	228	230	248	226	230	220	220	232	238	248	238	220	208	222	222	248	228	228	232	220	218	230	232	234	228	242	224	234	230	228	234	238	214	232	202	216	244	220	218	232	220	234	236	218	222	234	224	218
	204	236	218	222	224	210	210	206	220	212	220	206	230	208	210	232	224	218	226	224	220	214	214	210	212	226	230	196	208	206	210	226	228	212	224	236	204	208	216	238	214	208	224	228	240	220	194	214	224	210	216	218	210	212	218	228	220	210	214	210	214	218	216	236	218	216	216	204	224	220	236	224	204	196	206	212	236	218	218	214	208	206	216	222	224	218	236	210	216	212	216	218	230	198	216	188	204	226	208	212	222	212	220	226	210	214	214	218	204
	196	224	206	210	218	194	206	196	210	206	206	198	212	200	204	218	212	212	204	208	212	196	198	206	204	220	220	196	200	198	206	216	216	200	212	224	192	194	204	228	200	202	216	216	228	214	186	208	220	200	200	210	194	212	202	222	210	198	206	204	202	212	208	220	202	206	206	192	210	214	218	216	196	182	188	198	218	208	210	204	192	198	204	210	214	212	224	204	208	200	208	210	210	188	208	182	198	208	198	200	210	208	214	216	200	210	202	214	202
	180	216	200	202	208	190	198	192	202	204	202	194	206	194	192	212	198	206	200	204	208	188	190	200	190	204	212	190	194	192	200	206	216	196	204	212	178	186	190	218	188	190	214	206	222	208	174	194	206	192	192	204	186	206	194	214	206	192	200	194	202	200	208	214	194	196	196	178	202	206	204	214	188	170	170	190	210	198	200	202	180	194	192	196	202	202	212	194	204	186	202	206	198	180	204	168	190	198	186	194	198	202	208	204	188	202	196	208	192
	176	208	192	194	198	188	198	186	196	194	196	190	202	190	184	206	194	198	192	194	194	182	184	190	182	198	204	182	188	190	190	196	212	194	200	200	166	180	180	216	170	178	212	200	212	202	174	184	194	184	186	196	178	200	194	206	194	182	194	192	192	192	200	206	186	192	184	176	194	194	194	204	188	168	162	186	206	188	198	194	172	190	180	194	198	200	198	194	196	180	202	202	188	174	192	164	182	192	184	190	192	194	202	198	178	196	190	198	188
	174	196	188	190	192	186	192	178	190	194	194	186	200	182	176	200	188	186	178	186	184	176	178	186	174	186	198	176	184	184	184	188	204	186	192	190	164	180	176	208	166	172	210	190	206	196	172	168	188	178	180	188	174	196	194	202	190	174	180	188	190	192	194	198	180	188	184	168	188	186	188	190	182	164	162	184	196	188	190	194	170	188	172	186	190	194	196	184	186	170	196	196	178	168	174	158	178	180	176	188	186	190	196	188	178	192	184	196	180
	174	186	180	186	176	180	188	176	190	188	190	180	194	176	164	196	184	176	176	180	178	170	174	178	168	180	190	168	178	178	182	186	198	182	192	186	162	178	174	204	158	164	200	184	190	192	170	166	182	172	178	182	168	184	192	198	184	170	174	182	180	190	188	194	180	186	184	160	188	184	182	182	176	160	158	184	188	174	184	188	166	182	164	178	188	188	188	180	180	168	188	196	170	168	166	150	178	172	168	184	182	186	188	184	178	182	176	196	176
	172	176	174	182	168	176	180	166	184	184	190	178	188	174	162	190	182	174	172	176	176	168	172	172	164	176	184	168	176	174	174	182	194	176	186	182	158	174	170	198	154	164	196	182	180	190	168	160	180	168	168	172	164	184	190	190	180	168	158	180	178	180	178	188	174	182	184	152	182	180	176	174	172	156	154	180	182	166	180	184	164	178	158	172	188	182	182	176	174	164	184	188	154	166	164	144	176	170	164	176	178	184	184	178	168	178	172	190	168
	168	168	174	180	166	174	180	162	176	184	186	178	180	174	152	186	178	172	170	176	170	166	168	172	160	172	176	168	176	170	170	176	186	172	180	182	152	174	168	198	150	162	188	180	176	186	162	154	174	160	164	168	160	176	186	190	178	166	152	172	172	170	176	184	172	180	182	152	178	166	174	162	168	152	152	178	178	164	180	182	162	170	152	168	184	174	176	172	172	162	180	186	154	162	160	142	172	168	164	168	176	178	176	178	164	168	172	180	168
	166	162	170	176	164	172	180	158	176	178	184	172	178	170	150	182	168	170	166	172	164	164	168	170	160	166	172	162	166	162	164	170	186	170	180	178	146	172	162	192	148	160	182	180	170	182	156	152	168	154	160	166	158	174	178	184	178	164	152	168	170	168	176	180	166	174	176	150	174	162	174	158	164	150	148	178	168	158	176	172	160	166	148	164	182	170	164	172	172	158	174	182	154	158	154	138	168	166	160	166	168	178	170	176	160	162	166	174	164
	164	156	162	168	162	170	178	158	174	172	180	170	178	168	146	178	164	170	166	168	162	154	164	166	158	160	170	162	166	162	162	166	186	168	178	174	144	168	160	190	148	156	178	172	164	176	154	150	166	148	154	162	154	168	172	178	170	160	150	164	164	164	174	180	164	170	174	142	170	158	168	152	160	148	144	176	164	150	176	170	160	162	148	160	174	170	158	168	168	158	172	182	154	154	150	136	166	156	158	158	164	174	162	174	158	160	160	170	162
	162	152	154	166	162	170	174	158	170	166	174	164	178	168	146	176	160	170	164	168	160	150	162	164	154	158	170	162	162	158	162	166	180	164	172	170	144	162	160	184	144	146	176	170	162	174	154	150	164	148	152	158	152	166	168	174	166	154	146	158	162	156	170	178	162	166	170	140	164	154	156	150	160	146	142	172	164	150	172	166	160	154	146	160	168	170	158	166	166	156	170	182	150	148	150	132	160	150	158	158	164	166	160	172	152	156	158	168	156
	162	148	146	166	162	168	172	156	168	164	168	164	178	168	142	172	156	170	164	168	160	144	160	158	148	156	166	162	160	154	162	166	176	162	172	168	144	158	158	182	136	144	176	164	162	172	150	150	164	148	152	158	152	166	162	164	160	150	146	154	158	152	168	178	162	164	166	138	162	154	150	150	156	146	142	168	164	148	166	162	158	152	140	160	168	170	154	162	162	154	164	180	148	146	144	132	160	148	158	156	164	166	156	170	150	154	156	164	152
	162	148	146	162	160	162	168	154	168	154	164	164	172	168	142	168	154	166	160	168	158	140	158	152	144	150	164	158	156	154	162	162	174	162	170	166	142	156	154	180	132	140	176	158	160	168	146	146	162	146	152	158	150	158	162	156	158	150	146	154	156	152	168	176	160	164	166	136	162	152	148	146	152	146	140	164	164	146	158	162	158	150	140	158	166	168	154	160	162	152	162	180	146	146	142	130	160	148	156	150	164	164	156	168	148	150	156	162	148
	162	146	138	162	158	160	164	152	168	148	160	160	172	168	142	164	150	164	156	164	154	138	158	148	140	144	160	154	156	152	162	160	168	160	164	162	142	156	154	178	130	140	176	156	160	162	144	146	156	146	150	154	148	154	160	154	154	150	146	152	156	150	166	174	160	162	164	136	162	152	148	142	150	144	138	154	158	142	150	162	158	148	140	144	166	166	150	160	160	148	160	178	146	144	138	130	158	146	156	146	164	160	154	164	148	150	154	162	148
	160	144	138	162	156	158	164	152	166	144	160	158	172	166	140	156	150	164	154	162	146	134	154	146	140	140	158	154	152	152	160	156	166	156	162	156	140	152	154	178	128	140	170	156	160	162	144	144	154	142	148	154	144	148	156	154	154	148	142	152	154	148	166	172	160	160	162	134	162	152	146	140	146	142	138	150	152	140	150	158	158	148	138	140	164	166	146	154	156	148	160	176	146	140	136	130	154	146	152	138	160	158	150	162	142	150	154	162	146
	160	142	138	162	156	158	158	152	166	142	158	158	168	164	140	152	148	164	152	162	142	132	150	146	140	136	158	154	150	152	158	156	164	154	162	152	140	152	152	178	126	136	164	154	156	158	142	142	152	140	148	150	140	148	156	152	152	148	142	152	154	146	166	166	160	160	160	132	156	146	146	138	144	142	138	148	150	132	150	158	158	148	138	140	162	158	142	152	156	148	156	174	146	138	134	130	154	140	148	136	156	158	148	160	142	146	152	158	144
	158	142	138	158	156	158	158	150	164	142	150	156	168	158	138	152	148	164	150	160	140	130	148	144	138	132	156	154	148	152	156	156	162	154	162	150	134	152	152	176	124	136	164	146	150	154	142	142	152	138	142	148	138	142	156	150	150	146	142	150	154	140	164	158	158	156	160	128	156	146	146	136	140	136	130	146	150	130	146	152	158	148	136	140	162	158	140	152	156	148	156	168	146	138	132	130	152	140	146	134	154	156	146	156	142	144	148	156	140
	154	142	138	158	154	156	156	150	162	140	146	156	166	158	138	148	148	160	146	158	136	124	144	140	134	132	154	152	148	152	156	154	160	154	162	148	132	152	152	166	122	134	162	142	146	152	142	140	152	138	140	148	138	142	156	150	150	144	142	150	154	138	164	158	158	154	158	126	154	144	144	136	138	134	128	146	148	124	144	152	158	148	134	138	162	154	140	150	154	142	154	168	140	136	126	128	152	138	146	132	152	156	146	152	142	144	146	154	136
	152	142	138	158	152	156	154	144	160	140	142	152	164	152	134	148	148	160	146	154	134	124	142	140	134	130	154	150	148	152	156	154	156	152	162	148	132	148	150	166	122	128	160	142	142	146	142	138	152	138	138	142	136	140	148	146	146	140	142	150	154	138	156	150	154	150	154	124	154	144	144	132	138	134	126	146	146	122	144	152	158	144	130	132	158	150	138	150	152	140	154	164	138	136	126	126	146	138	146	124	146	154	144	148	136	142	144	154	134
	148	142	138	158	152	154	150	144	158	138	142	150	162	150	128	146	148	160	142	154	132	124	140	140	134	130	154	146	146	150	156	154	154	146	162	144	132	146	146	164	122	128	158	140	138	142	142	138	148	138	138	142	132	138	148	144	146	138	138	150	154	136	156	146	152	144	152	124	152	142	142	132	138	134	124	146	146	122	138	152	158	144	130	128	158	148	136	148	152	140	150	164	136	136	124	126	148	138	146	122	140	154	144	144	136	138	144	154	132
	148	142	138	156	150	154	148	144	156	132	142	148	160	144	126	144	148	158	136	154	132	124	140	140	130	130	154	144	146	150	156	154	154	146	162	144	132	146	146	162	122	126	158	138	132	140	142	138	148	138	136	140	132	136	148	144	142	136	134	148	152	134	154	146	152	142	152	122	152	140	142	130	138	128	124	146	146	120	138	152	156	142	130	126	156	148	136	148	152	136	146	158	136	136	122	124	146	134	146	120	136	154	144	142	136	138	142	152	132
	148	142	136	156	150	154	148	144	156	132	140	148	160	142	124	144	146	158	136	150	126	122	140	140	130	128	152	142	146	148	156	152	154	146	158	140	132	146	142	158	122	126	158	136	132	140	140	138	146	138	132	140	130	130	148	142	140	134	134	148	152	130	154	142	148	142	150	120	152	140	140	130	136	128	124	144	144	120	138	150	152	142	126	124	156	146	136	148	150	134	144	158	136	136	120	122	144	132	146	120	136	154	144	140	132	136	138	152	132
	146	140	136	154	146	154	146	142	156	130	140	148	154	140	124	142	146	158	134	146	126	120	138	140	128	128	152	142	146	148	156	146	152	146	158	140	132	146	140	156	122	120	156	136	130	140	140	136	146	138	132	140	128	130	146	142	140	134	134	148	150	128	150	136	148	142	148	118	152	136	140	130	136	126	124	142	142	114	138	148	152	138	126	122	154	146	136	146	150	134	144	158	136	134	118	122	142	132	146	120	134	152	144	138	132	134	138	152	130
	146	140	132	152	146	152	144	138	156	126	138	146	152	136	124	142	144	156	134	144	126	120	136	134	126	126	152	142	144	146	154	144	152	146	156	140	130	144	140	152	120	118	148	136	128	134	136	136	142	138	132	136	126	128	140	142	138	134	134	148	150	126	148	132	148	142	144	114	150	136	138	126	134	126	120	140	140	112	138	148	150	138	124	122	154	146	134	146	148	134	140	158	134	134	116	120	142	132	146	118	134	152	144	138	130	134	138	152	130
	146	140	130	146	144	152	144	138	156	124	136	140	150	136	124	136	144	154	130	142	122	120	136	134	124	124	150	142	140	146	152	144	152	146	156	140	128	144	140	146	118	118	146	136	126	134	136	136	142	136	130	134	124	128	138	138	136	134	134	146	150	124	148	132	146	138	144	112	150	136	138	124	130	124	118	136	140	112	134	148	150	138	124	120	150	144	134	146	146	132	138	158	134	134	116	120	140	132	146	118	134	152	142	138	128	134	136	152	128
	144	140	130	146	144	148	140	138	154	120	136	140	148	134	120	136	142	150	130	140	122	120	134	134	122	124	146	142	140	140	150	144	152	146	156	140	128	142	140	146	118	114	144	134	124	134	134	136	142	134	130	134	124	126	136	138	136	134	134	146	142	122	144	128	146	138	142	108	150	132	138	124	128	124	118	136	138	112	130	146	150	136	124	118	148	144	134	146	146	132	138	158	132	134	116	120	136	130	146	118	134	150	142	138	128	132	136	148	126
	144	140	130	144	144	148	138	136	154	120	134	138	146	134	120	136	142	148	128	140	122	120	134	132	122	124	144	142	140	140	150	140	152	146	154	136	128	138	140	144	116	112	144	134	124	134	134	132	142	132	130	130	124	126	134	138	136	132	134	144	142	122	142	128	146	138	140	108	148	130	134	122	128	124	118	136	138	112	130	146	148	136	122	116	148	144	134	146	146	128	136	156	132	134	116	120	136	126	144	116	132	146	140	138	128	132	136	146	126
	144	140	130	144	144	146	136	132	154	120	132	138	140	134	120	136	142	148	124	140	122	118	134	130	120	124	144	142	140	140	148	140	152	142	152	136	128	136	140	142	114	110	144	132	124	134	132	132	140	132	128	128	124	126	132	138	134	132	134	144	138	122	142	124	146	136	140	106	148	128	134	122	126	124	118	136	136	112	130	146	148	136	122	116	146	144	134	144	144	128	134	156	128	134	116	120	136	126	144	116	132	146	136	136	126	132	136	146	126
	144	132	130	144	144	144	134	130	152	120	132	138	140	132	120	136	140	148	122	140	122	114	134	128	118	122	142	140	140	140	148	136	152	142	148	134	126	136	140	142	112	110	144	128	124	132	132	132	136	132	126	128	124	126	132	138	132	132	132	144	138	122	142	122	146	136	140	104	148	128	134	122	126	124	116	136	134	110	130	142	148	136	122	112	146	144	134	140	142	126	134	154	128	134	116	120	132	126	142	116	132	144	136	134	126	132	134	146	124
	144	130	130	144	144	142	132	128	150	120	132	138	136	132	120	130	140	148	120	140	122	112	134	128	118	122	142	140	136	140	148	134	150	140	146	132	124	134	140	142	112	110	142	128	122	132	132	132	136	132	124	126	124	122	130	138	132	132	132	144	138	120	140	122	144	136	140	104	148	128	134	120	124	124	116	132	134	110	128	142	146	136	122	112	146	142	134	136	140	126	134	152	128	134	116	120	132	126	142	114	130	140	136	134	126	132	132	146	122
	142	130	126	142	144	140	130	126	150	120	130	138	134	132	120	128	140	144	120	138	120	108	134	126	118	122	140	140	136	140	148	134	148	140	142	132	124	134	140	142	112	108	140	128	120	130	132	132	136	130	118	126	124	122	128	138	130	132	132	144	136	120	140	122	144	134	136	102	148	128	134	118	124	122	116	132	132	110	126	138	146	134	122	112	146	142	134	134	138	126	132	150	128	134	116	116	130	126	142	114	128	138	136	134	126	132	128	146	118
	142	124	126	142	144	140	128	126	150	118	130	138	134	130	118	128	138	142	114	138	120	106	134	126	114	122	138	140	136	140	148	132	148	138	142	132	124	134	138	142	112	108	140	128	120	128	130	130	134	130	118	124	120	122	126	136	128	130	132	144	136	118	138	122	144	132	136	100	148	126	134	118	124	122	116	132	122	110	124	134	146	134	122	112	146	142	134	134	138	126	130	150	128	134	114	114	128	126	142	112	126	134	136	132	126	132	126	146	118
	138	124	126	136	144	138	126	126	148	118	130	136	134	130	116	128	136	142	114	138	120	106	134	124	114	122	138	140	132	140	148	132	144	136	142	130	124	134	138	140	112	108	140	126	118	128	130	130	134	130	116	124	120	122	126	134	128	130	132	144	136	116	134	120	142	132	136	100	146	126	132	118	124	120	116	130	118	110	122	134	142	134	120	112	144	142	132	134	138	124	128	150	128	134	114	114	126	126	140	110	124	132	136	130	126	132	126	146	118
	136	122	126	136	144	138	124	126	146	118	130	134	130	128	116	128	132	136	114	138	120	106	134	124	112	122	138	140	128	140	148	132	144	134	142	130	122	134	136	136	112	108	138	126	118	128	126	130	132	130	114	124	120	122	126	134	128	128	132	142	136	116	134	118	142	130	134	100	146	126	130	118	124	118	116	130	118	110	122	130	138	134	120	110	144	142	132	130	138	124	128	150	128	134	114	114	126	126	136	110	124	130	136	130	126	130	124	146	116
	132	122	124	136	144	138	124	122	146	116	130	134	130	128	116	126	132	136	114	138	118	106	134	122	110	122	138	138	126	140	148	130	144	134	140	130	122	132	136	132	112	108	138	124	116	128	126	128	132	130	114	124	118	122	126	134	128	126	132	140	134	116	134	118	142	128	132	96	146	126	130	118	124	118	114	128	118	110	118	130	132	134	120	110	144	142	132	128	138	122	126	150	126	134	114	110	126	126	136	110	124	126	136	130	126	130	120	146	116
	132	120	124	136	142	138	124	122	146	116	130	134	130	128	114	126	132	136	114	138	118	106	130	122	110	122	136	134	122	140	148	130	142	132	140	130	122	132	136	130	112	108	136	122	116	126	126	128	132	130	114	124	116	122	126	134	128	126	132	140	134	116	134	118	142	128	130	96	144	126	130	118	124	118	114	128	118	110	118	130	132	134	120	110	144	142	130	124	138	122	126	150	126	134	114	108	124	124	132	110	122	124	134	130	126	130	120	146	116
	130	120	124	134	142	138	122	122	146	116	130	134	130	128	112	124	132	136	110	138	118	104	130	122	108	122	136	134	122	140	148	130	142	130	138	130	122	132	136	126	112	108	132	118	114	126	126	124	132	130	114	124	116	122	126	134	126	126	132	140	134	116	134	118	142	124	128	96	144	126	128	118	122	116	114	126	118	110	118	130	132	134	120	108	144	140	128	122	136	122	126	150	124	130	114	108	124	124	132	110	122	124	132	130	126	130	120	146	116
	128	120	124	132	140	138	122	120	146	116	130	134	130	128	112	122	132	134	110	138	118	104	130	122	108	122	136	128	122	140	148	128	140	130	138	130	122	130	134	126	112	108	132	118	114	126	126	122	132	130	114	122	112	122	126	132	126	126	132	140	130	114	134	118	142	122	124	94	142	124	126	116	120	114	114	122	118	110	116	130	132	132	118	108	144	138	128	120	136	122	126	148	124	130	114	106	122	124	132	108	122	120	128	130	124	130	118	146	116
	126	118	124	130	138	136	122	120	146	116	130	132	128	128	112	120	132	132	110	136	118	104	130	122	108	122	134	126	122	140	148	126	138	128	136	130	122	130	132	126	112	108	132	116	114	126	126	122	132	130	110	122	112	122	126	132	126	126	130	140	130	114	134	118	142	122	122	92	142	122	124	116	120	112	112	122	118	110	114	130	132	132	118	108	144	134	128	120	134	122	126	146	122	130	114	104	122	124	132	108	122	120	128	128	122	130	118	146	112
	126	118	122	130	138	134	122	118	146	116	130	132	126	128	108	120	132	132	110	136	118	102	130	122	108	122	130	126	122	140	144	126	138	126	136	128	120	130	130	124	112	106	132	114	114	124	126	120	128	128	110	118	112	122	124	132	126	126	128	140	130	114	134	118	142	120	120	92	142	120	124	114	120	112	112	120	116	108	112	128	132	126	118	108	144	134	126	118	134	120	124	146	118	130	112	104	120	124	130	108	120	120	128	126	120	130	118	146	110
	124	118	122	130	136	134	122	116	146	116	130	132	124	128	106	118	132	130	110	136	118	102	130	118	108	122	130	126	122	138	142	122	136	126	136	128	120	130	130	122	112	104	132	114	114	124	124	120	126	128	110	118	112	122	124	130	126	126	126	138	130	112	134	118	142	120	118	92	142	118	124	114	120	110	112	120	116	108	112	126	132	122	118	108	142	134	126	118	134	120	124	146	118	130	112	104	116	124	128	108	120	120	128	126	118	130	116	146	108
	122	116	122	128	136	132	122	112	146	116	130	130	124	128	106	118	132	130	110	134	118	102	128	118	108	122	128	124	122	138	136	122	134	126	136	128	120	130	130	122	112	104	130	110	114	124	124	118	126	128	110	118	112	122	124	130	126	126	126	136	130	110	134	118	138	118	116	92	140	118	124	114	118	110	112	120	114	108	112	126	132	120	118	106	142	134	126	118	134	120	124	142	118	130	112	104	116	122	128	106	120	120	128	126	116	130	114	146	108
	120	116	122	128	136	132	122	112	146	116	128	128	124	128	104	118	130	130	110	134	118	102	128	118	108	122	128	120	118	138	136	122	134	126	134	128	120	130	128	118	112	104	130	108	114	124	124	118	126	128	108	118	112	122	124	128	126	126	126	136	126	108	134	116	136	118	116	92	140	118	122	114	118	110	112	118	112	108	112	126	132	120	118	106	142	134	126	116	132	120	122	140	116	130	112	104	114	122	128	106	120	120	128	126	116	130	112	142	108
	116	116	120	126	136	132	122	112	146	116	126	126	122	128	104	116	130	126	110	134	118	102	128	118	108	122	128	118	116	138	134	120	134	126	134	128	120	130	126	118	112	104	128	106	114	124	124	118	126	128	108	114	112	118	124	128	126	126	126	136	126	108	132	114	134	118	116	90	140	118	122	114	118	110	112	118	112	108	112	126	130	120	118	106	140	134	126	114	132	120	122	140	116	130	110	102	114	122	126	106	120	118	126	126	116	128	112	136	108
	114	116	120	126	134	132	120	110	144	116	126	126	122	128	104	112	130	126	110	134	118	102	128	118	108	122	128	118	116	136	134	120	132	126	132	126	120	130	126	116	112	102	128	106	112	124	124	118	126	128	108	114	112	116	124	128	126	124	124	136	126	108	132	112	134	116	116	90	140	118	122	112	118	110	112	118	112	108	112	126	130	116	116	106	140	134	126	114	132	120	122	138	116	130	110	102	112	120	126	106	120	118	124	124	116	126	112	130	106
	114	114	120	124	132	132	118	110	142	116	126	126	120	128	104	112	128	126	110	134	118	102	126	118	108	120	128	118	116	132	134	120	132	126	132	124	120	130	126	114	112	102	128	106	112	120	124	118	126	128	106	112	110	114	124	126	126	122	124	136	126	108	130	112	134	116	116	90	140	118	122	112	118	106	110	118	112	108	110	126	130	116	116	106	140	134	126	114	132	118	122	138	116	130	110	102	112	120	124	106	120	118	124	122	114	124	112	128	104
	114	114	120	124	132	130	118	110	142	116	126	126	120	128	102	112	128	124	110	134	118	100	126	118	108	120	128	118	116	132	132	118	132	126	130	124	120	128	124	114	110	102	128	106	112	120	124	118	126	128	106	112	108	114	124	126	126	122	124	136	126	108	130	112	132	116	116	90	140	118	122	112	116	106	108	116	112	108	110	126	130	116	116	106	140	132	126	114	132	116	122	138	116	130	110	102	110	120	124	106	120	114	122	122	114	124	112	128	104
	114	114	120	124	130	130	118	110	142	114	126	126	120	128	100	110	128	124	110	134	118	100	122	118	108	118	128	118	116	132	132	118	130	126	130	124	120	126	116	114	110	102	128	106	110	116	124	118	124	128	106	110	108	112	122	126	126	122	120	136	126	108	130	112	128	116	116	88	136	116	122	112	116	106	108	114	112	106	110	124	130	116	116	102	140	132	126	114	132	114	122	134	116	130	110	102	106	120	124	106	120	114	122	120	114	124	112	128	104
	114	114	120	124	130	128	118	110	142	114	126	124	120	128	100	110	128	124	110	134	118	100	122	118	108	114	126	118	116	132	132	116	130	126	130	124	120	126	116	114	110	102	128	106	110	116	124	118	124	128	106	110	108	112	122	124	126	120	118	136	126	108	126	112	128	116	116	88	136	116	114	112	116	104	106	114	112	104	110	124	130	116	116	100	140	132	126	114	132	114	122	132	116	130	110	102	106	120	124	104	120	114	120	118	114	124	112	128	104
	114	114	120	124	130	128	118	110	142	114	126	124	120	126	100	110	128	124	110	134	118	100	122	118	108	114	124	118	116	130	132	116	130	126	130	124	120	126	116	114	110	102	128	106	110	116	122	118	124	126	106	108	108	112	122	122	126	118	118	136	126	108	126	112	128	116	116	88	136	116	114	112	116	104	106	114	108	104	110	124	130	116	116	100	140	132	126	114	132	110	122	130	114	128	110	102	106	120	124	104	120	114	120	118	114	124	112	128	104
	112	114	120	120	128	128	118	110	142	114	126	124	118	124	100	110	124	124	110	134	118	100	120	118	106	114	124	118	116	128	132	114	130	126	130	124	120	126	116	114	108	102	128	106	106	116	120	116	124	124	106	108	108	112	122	122	124	118	118	136	126	108	124	112	128	116	116	88	136	116	114	112	116	102	106	114	106	102	110	120	130	116	116	100	138	132	126	114	132	106	122	130	112	126	110	100	106	120	124	104	120	114	120	116	114	122	112	128	104
	112	114	120	120	128	126	118	110	142	114	126	122	114	122	100	110	122	122	110	134	118	100	120	118	104	114	124	118	116	126	132	114	130	126	130	124	120	124	116	112	106	102	124	102	104	114	118	116	124	122	106	108	108	112	122	120	124	118	118	136	126	108	124	110	128	116	114	88	136	116	112	112	112	102	106	112	106	102	110	120	130	116	116	100	138	132	126	112	132	104	122	130	112	124	110	100	106	120	124	104	120	114	120	116	114	120	112	128	104
	110	114	120	120	128	126	118	110	140	114	126	122	114	122	100	108	120	122	110	132	118	98	120	118	102	114	124	118	116	126	132	114	130	126	130	124	120	120	114	110	106	100	124	100	104	112	118	116	120	120	106	108	108	112	122	118	124	114	116	136	126	108	124	110	126	116	114	88	136	116	110	112	112	102	106	110	106	102	110	118	130	116	116	100	138	132	126	112	132	104	122	128	112	124	108	100	106	120	124	104	120	114	120	116	114	120	112	128	104
	110	114	120	120	128	126	118	108	140	114	126	122	114	122	100	106	118	122	110	132	118	98	120	118	102	114	124	118	116	126	132	114	130	126	130	124	118	120	114	108	102	100	124	100	102	112	116	116	120	120	106	108	106	108	122	118	124	114	112	136	126	108	122	110	126	116	114	88	136	116	110	112	112	102	106	110	104	102	110	118	130	116	116	100	138	132	126	110	132	102	122	128	110	124	108	100	104	120	124	104	120	114	120	116	114	120	112	128	104
	110	112	120	120	126	126	118	108	138	114	126	120	114	120	100	104	116	122	110	132	118	96	120	118	102	114	124	118	116	124	132	112	130	124	130	122	118	120	114	108	100	100	124	100	102	108	114	114	120	120	106	104	106	108	120	118	124	108	110	134	126	108	122	108	126	116	114	86	136	116	110	112	112	102	106	110	104	102	110	116	130	116	116	98	138	132	126	106	130	102	122	128	110	124	108	100	104	120	124	104	120	114	120	116	114	120	112	128	102
	110	112	120	120	126	126	116	108	138	114	126	120	112	118	100	104	112	122	110	132	118	96	120	116	102	114	124	118	114	122	132	110	130	122	130	122	118	118	114	106	100	100	124	100	100	106	112	114	120	118	106	104	106	108	120	118	124	106	108	134	126	108	122	108	126	114	114	84	132	116	108	112	112	102	106	110	104	102	110	114	128	116	116	98	138	132	126	104	130	102	122	128	110	124	108	98	104	120	122	104	120	114	120	114	112	120	112	128	100
	110	112	120	118	124	124	116	108	138	114	126	120	110	118	100	102	110	122	110	130	116	96	120	116	102	114	124	116	114	122	132	110	128	122	130	120	116	118	114	106	100	100	124	100	100	106	110	114	120	118	106	104	106	108	120	118	120	106	108	134	126	108	122	108	126	114	112	84	132	116	108	112	112	102	106	110	104	102	110	114	128	116	116	98	138	132	126	104	130	102	122	126	110	122	108	98	104	120	122	104	120	114	118	112	112	118	112	126	100
	110	112	120	118	120	124	116	108	138	112	126	120	110	118	100	102	110	122	110	130	116	96	120	116	102	112	124	116	114	120	132	106	128	122	128	120	116	118	114	104	100	100	120	98	100	106	108	114	120	118	106	102	106	108	120	118	120	104	106	134	126	108	120	108	126	114	112	84	130	116	108	112	112	102	106	110	104	102	110	110	128	116	114	98	138	132	126	104	126	102	122	126	110	122	108	98	104	120	122	104	120	114	118	112	112	118	112	126	100
	110	112	118	116	120	124	114	108	138	112	126	120	108	118	100	102	110	122	110	130	116	96	120	116	102	112	124	116	114	118	132	106	128	122	126	118	116	118	114	104	100	100	120	98	100	106	108	114	120	118	106	102	106	108	120	118	120	104	106	134	126	108	120	108	126	114	110	82	130	116	108	112	112	102	106	110	104	102	110	110	128	116	114	98	138	132	126	104	126	102	122	122	108	122	108	98	104	120	122	102	118	112	118	112	112	118	112	126	100
	110	108	118	116	118	124	114	108	136	112	126	120	108	118	100	102	110	122	110	130	116	96	120	116	102	112	122	116	112	118	130	106	126	122	126	118	116	118	114	104	100	100	120	98	100	106	108	114	120	118	104	102	106	108	120	114	118	104	106	132	126	108	120	108	126	114	106	82	128	114	108	112	112	102	106	110	104	98	110	106	128	116	114	98	138	132	126	104	126	102	122	122	108	122	108	98	104	120	122	102	118	112	118	112	110	118	112	126	100
	110	108	116	116	118	122	112	108	136	112	126	120	108	118	100	98	110	122	106	130	116	96	120	116	100	110	122	116	112	118	128	104	126	122	124	118	116	118	114	104	98	100	120	98	100	106	108	114	120	118	104	102	104	108	120	114	118	104	106	132	126	108	120	108	126	114	104	82	128	112	108	112	110	100	106	108	104	98	110	106	126	112	114	98	138	132	126	104	126	102	120	122	106	122	108	98	104	118	122	102	118	110	118	110	108	118	112	126	100
	110	108	116	116	118	122	112	108	134	112	126	120	106	118	100	98	106	118	106	130	116	96	120	116	100	110	120	116	110	118	126	104	124	122	122	118	116	118	114	104	98	100	120	98	100	104	106	114	120	116	104	100	104	108	120	112	118	104	106	132	126	108	120	108	126	114	104	82	128	112	108	112	110	100	106	104	104	98	110	102	126	112	112	98	138	132	126	104	126	100	120	122	106	122	108	98	104	118	120	102	118	110	118	110	108	118	112	126	100
	110	108	116	116	118	122	110	106	134	108	126	120	106	118	100	98	106	118	106	130	116	96	118	116	100	108	118	116	108	118	124	104	120	122	120	114	114	112	114	104	98	100	118	98	100	104	104	114	120	116	104	100	104	108	120	110	118	104	106	132	126	108	120	108	126	114	100	82	126	112	106	112	108	100	106	102	104	98	110	100	124	112	112	98	138	132	126	104	126	100	120	120	106	120	108	98	102	116	120	102	118	110	118	104	106	118	112	126	100
	110	108	116	116	118	122	110	106	132	108	126	120	106	118	100	96	106	114	106	128	116	96	118	116	100	108	116	116	108	118	124	104	120	122	118	114	112	112	114	104	98	98	118	98	100	104	104	114	118	116	104	100	104	108	118	110	116	104	106	132	126	108	120	108	124	114	98	80	126	112	106	112	108	100	106	98	104	98	110	100	124	110	112	98	138	132	124	104	126	100	120	116	106	120	108	98	102	116	120	102	118	110	118	102	106	118	110	126	100
	110	108	114	116	116	122	110	106	132	106	126	118	106	116	100	94	106	112	106	128	114	94	118	114	100	108	116	116	108	118	124	104	120	122	118	114	110	110	114	104	98	98	118	98	100	104	100	114	116	116	102	100	104	104	118	110	116	104	106	130	124	106	120	108	124	114	94	80	126	108	106	112	104	100	104	98	104	98	110	100	124	108	112	96	138	132	124	104	124	100	120	116	106	120	108	98	102	116	120	102	118	110	118	102	106	116	110	122	100
	108	108	112	116	116	122	110	106	132	104	124	118	106	116	100	94	106	112	106	128	110	94	118	112	98	108	114	116	108	114	122	104	116	120	118	112	110	110	114	104	98	98	118	98	100	104	100	114	116	116	102	100	104	104	116	110	116	104	106	130	124	106	118	108	124	114	94	78	126	108	106	112	100	100	104	98	104	98	110	100	124	108	112	96	138	132	124	104	124	100	120	116	106	118	108	98	98	116	120	102	118	110	118	102	106	114	110	120	100
	108	108	112	116	114	120	110	106	130	104	124	118	106	116	100	94	106	112	106	128	108	94	118	112	98	108	114	116	106	110	122	104	116	120	118	112	110	108	114	104	98	98	118	98	100	104	100	114	114	116	102	100	104	104	116	110	116	104	104	130	124	106	118	108	124	114	94	78	126	108	106	112	98	100	104	98	104	98	110	100	124	106	112	96	138	132	124	104	124	100	120	116	106	118	108	98	98	116	120	102	118	110	118	100	106	114	110	120	100
	108	108	110	116	110	120	110	106	130	104	124	118	106	116	100	94	106	112	104	128	108	92	118	112	98	108	114	116	106	110	122	104	116	120	118	112	110	108	114	104	98	98	118	98	98	104	100	114	114	116	102	100	104	102	116	108	116	104	104	130	124	106	118	106	124	114	94	78	124	108	106	112	98	100	100	98	104	98	110	100	124	104	112	92	138	132	122	102	122	100	120	116	106	118	108	98	98	116	120	102	118	110	118	100	106	114	108	120	98
	108	108	108	116	110	118	108	106	130	102	124	118	106	114	98	92	106	112	104	128	108	92	118	112	98	108	114	112	106	108	120	104	116	120	118	112	110	108	114	102	98	98	118	98	98	104	100	114	114	116	100	100	104	102	116	108	116	104	104	130	124	104	116	106	124	114	94	78	124	108	104	112	98	98	100	98	104	98	110	100	124	102	112	92	138	132	120	102	122	100	120	116	106	118	108	98	98	116	118	102	118	110	116	100	106	114	108	118	98
	108	106	108	116	110	118	108	106	130	102	124	118	106	114	98	92	106	112	104	128	108	92	114	112	98	108	112	112	104	108	120	104	114	120	118	108	108	108	114	102	98	98	118	98	98	102	100	114	114	116	100	100	104	102	116	108	116	104	104	130	124	104	116	106	124	114	94	78	124	108	104	110	98	98	100	98	104	98	110	100	124	102	110	92	138	132	118	102	120	100	120	116	106	118	108	98	98	116	118	102	118	110	116	100	106	114	108	118	96
	108	106	108	112	110	118	108	106	130	102	124	116	104	114	98	92	106	112	104	128	108	92	112	112	98	108	112	112	104	106	118	102	114	120	118	108	108	106	114	102	98	98	118	98	96	102	98	114	114	116	100	100	104	100	116	108	116	100	102	130	124	104	116	106	124	114	94	78	124	108	104	110	96	98	100	98	104	98	108	100	124	102	110	92	138	132	118	102	120	100	120	116	106	116	108	98	98	116	118	100	118	110	116	100	106	114	108	118	96
	108	106	108	112	110	118	108	106	128	102	124	116	104	114	98	92	106	112	102	128	104	92	110	112	98	108	110	112	104	102	118	102	114	120	118	108	108	106	114	102	98	96	118	98	96	102	96	114	112	116	100	100	104	98	116	108	116	100	102	130	124	104	116	106	124	114	94	78	124	108	104	110	94	98	100	98	104	98	108	98	124	102	110	92	138	130	118	102	120	100	120	116	106	116	108	98	98	116	118	100	118	110	116	100	106	114	108	118	96
	108	106	108	112	110	116	108	106	128	102	124	116	104	114	98	92	106	112	102	128	104	92	110	110	98	108	110	112	102	100	118	102	114	118	118	108	108	106	114	102	98	96	118	98	96	102	96	114	110	116	98	100	104	98	116	108	114	100	100	130	124	104	116	106	124	114	92	78	124	108	104	110	94	98	98	98	104	98	108	98	124	102	110	92	138	130	114	102	120	100	120	114	106	116	108	98	94	116	118	100	118	110	116	100	106	114	108	118	96
	108	106	108	112	110	116	106	106	128	102	122	116	104	114	98	92	106	106	102	128	104	92	110	110	98	108	110	112	102	100	118	102	114	116	118	108	108	106	114	100	98	96	118	98	96	102	96	114	108	116	96	98	104	98	116	108	114	100	100	130	124	104	116	106	124	114	92	78	124	108	104	110	94	96	98	98	104	98	108	98	124	102	110	92	138	130	114	102	118	100	120	114	106	116	108	98	94	114	118	100	118	108	116	100	106	112	108	118	96
	108	106	108	112	110	116	106	106	128	102	122	116	104	114	96	92	106	106	100	128	102	92	110	110	96	108	108	112	102	100	116	100	114	116	118	108	108	106	114	100	98	96	118	98	96	102	96	114	106	116	94	96	104	98	116	108	112	100	100	130	124	104	114	106	122	114	92	78	124	108	104	110	94	96	98	96	104	98	108	98	124	100	110	92	134	130	114	102	118	100	120	114	106	116	108	98	94	112	118	100	118	108	116	100	106	110	108	116	96
	108	106	108	112	110	116	102	106	128	100	122	116	104	114	96	92	106	104	100	128	98	92	110	110	96	108	108	112	102	100	116	100	114	116	118	108	108	106	114	100	98	96	118	98	96	102	94	114	106	116	94	94	104	98	116	108	112	98	98	128	124	104	114	106	122	112	92	78	124	108	104	110	92	96	96	96	104	98	108	98	124	98	110	90	134	130	114	102	116	100	120	114	106	116	108	98	94	110	118	100	118	108	116	100	106	110	108	116	94
	108	106	108	112	108	114	100	106	128	98	122	116	104	112	96	90	106	104	100	128	98	92	110	110	96	108	108	112	100	100	116	100	114	116	118	104	108	106	114	100	98	96	118	98	96	102	94	114	106	116	94	94	102	98	116	108	112	98	98	128	124	104	114	104	120	112	92	78	124	108	104	108	92	96	96	94	104	98	106	98	124	98	110	88	134	130	112	102	116	100	120	112	106	116	108	98	94	108	118	100	118	108	116	100	106	110	108	116	92
	108	106	108	112	108	114	98	106	128	98	122	114	104	112	96	90	106	104	98	128	98	92	108	108	94	108	106	112	100	100	116	100	114	116	118	104	108	106	110	100	98	96	118	98	96	102	94	114	106	116	94	94	102	98	114	108	112	98	96	128	124	104	112	104	120	112	92	78	124	108	104	108	92	96	96	94	104	98	106	98	124	98	108	88	134	130	112	100	116	100	120	112	104	116	106	98	94	108	118	100	118	108	116	100	106	110	108	116	90
	108	106	108	112	108	114	98	106	128	98	122	114	104	112	96	90	106	104	98	126	98	92	108	108	94	108	106	112	100	100	116	100	114	116	118	104	108	106	108	100	98	96	118	98	96	102	94	114	106	116	94	92	102	98	114	106	112	98	94	128	124	104	112	104	120	112	92	78	124	108	104	108	88	96	96	94	104	98	106	98	124	98	108	88	134	130	110	100	114	100	120	110	104	116	106	98	94	106	118	100	116	108	116	100	106	110	108	116	90
	108	106	108	112	108	114	98	106	126	98	120	114	104	110	96	90	104	102	98	126	98	92	106	106	94	106	102	112	100	100	114	100	114	114	118	104	108	106	108	100	98	96	118	98	96	102	94	114	104	116	94	92	102	98	114	104	112	98	94	128	124	104	112	104	120	112	92	78	124	108	104	108	88	94	96	94	104	98	106	98	124	98	108	88	134	130	108	100	114	100	120	110	104	116	106	98	94	106	118	100	112	108	116	100	106	110	108	116	90
	108	104	108	112	108	114	98	106	126	96	120	112	104	110	96	90	104	102	98	126	98	92	106	106	94	106	102	112	100	100	114	100	114	114	118	104	108	106	108	100	98	96	118	98	94	102	94	114	104	116	94	92	102	98	114	102	112	98	94	128	124	104	112	104	120	112	92	78	122	108	104	108	88	94	96	92	104	98	106	96	124	98	108	88	134	130	108	100	114	100	118	110	104	116	106	98	94	106	118	100	112	108	114	100	106	110	108	116	90
	108	104	108	112	108	112	98	106	126	96	120	112	104	110	96	88	104	102	98	126	98	92	104	106	94	106	102	112	98	100	114	100	114	114	118	104	108	106	108	100	98	96	118	98	94	102	94	114	100	116	94	92	102	98	112	100	112	98	94	126	124	104	112	104	120	112	92	78	122	108	104	108	88	94	96	92	104	98	106	94	124	98	108	88	130	130	108	100	114	100	116	110	104	116	106	98	94	106	118	100	112	108	112	100	106	110	108	116	90
	108	104	108	112	108	112	98	106	124	96	120	110	104	110	96	88	104	100	98	126	98	92	104	106	94	106	102	112	96	100	112	100	114	112	118	104	108	106	108	100	98	96	118	98	94	102	94	112	100	116	94	92	102	98	112	100	110	98	94	126	122	104	112	104	120	112	92	76	122	108	104	108	88	94	96	92	104	98	106	94	124	98	108	88	130	130	106	100	112	100	116	110	102	116	104	98	94	106	118	100	112	108	112	100	106	110	108	116	90
	108	104	108	112	108	112	98	106	124	96	120	108	104	110	96	88	104	100	98	126	98	92	100	106	94	106	102	110	96	100	112	100	114	112	118	102	108	106	108	100	98	96	118	98	92	102	94	112	100	116	94	92	102	98	112	100	110	98	94	126	122	104	112	104	120	112	90	76	122	108	104	108	88	94	96	92	104	98	106	94	122	98	108	88	130	130	104	100	112	100	116	110	102	114	102	98	94	106	118	100	112	108	112	100	106	110	106	116	90
	108	104	108	110	108	110	98	106	124	96	120	106	104	110	96	88	104	100	98	126	98	92	98	106	94	106	102	110	96	100	110	100	114	110	116	102	106	106	108	100	98	96	118	98	90	102	94	112	98	116	94	92	102	98	112	100	110	98	94	126	122	104	110	104	120	110	90	76	122	108	104	106	86	94	94	92	104	98	106	94	122	98	108	88	130	130	104	100	112	98	116	110	102	114	102	98	94	106	118	100	112	108	112	98	106	110	106	116	90
	108	104	108	110	108	110	98	106	122	94	120	106	104	110	94	88	104	100	98	122	98	92	96	106	94	106	102	108	96	100	110	100	114	108	116	100	106	106	108	100	98	96	118	98	90	102	94	112	98	116	94	90	102	98	108	100	110	98	94	126	122	104	110	102	120	110	90	76	118	108	104	104	84	94	92	92	104	98	106	94	122	98	108	86	130	130	104	100	110	98	116	110	102	114	102	98	94	106	118	100	110	108	112	98	106	110	104	114	90
	108	102	108	110	108	110	98	106	122	94	120	106	104	110	94	88	104	100	96	122	96	92	96	106	94	106	102	108	96	98	110	100	114	108	114	100	104	106	108	100	98	96	118	98	90	102	94	112	98	116	94	90	102	98	108	100	110	98	94	126	122	104	110	102	120	110	90	76	118	108	102	104	84	94	92	90	104	96	106	94	122	98	108	86	130	130	102	100	110	98	116	110	102	112	102	98	94	106	118	100	110	108	112	98	106	110	104	114	90
	108	102	108	110	108	110	98	106	120	94	120	106	102	110	94	88	104	100	96	122	96	92	94	106	94	106	102	108	96	96	108	100	114	108	112	100	104	106	108	100	98	96	118	96	90	102	94	112	98	116	94	90	100	98	108	100	110	98	94	126	122	104	110	102	120	110	90	76	116	108	102	104	84	94	92	90	104	96	106	92	122	98	108	86	128	130	102	100	110	98	116	110	102	112	102	98	94	106	118	100	110	104	112	98	106	110	104	114	90
	108	102	108	110	108	110	98	106	120	94	120	106	102	110	94	88	104	100	96	120	96	92	94	106	94	106	102	108	96	96	108	100	114	108	110	100	104	106	108	98	98	96	118	96	90	102	92	112	98	114	94	90	100	98	108	100	110	98	94	126	122	104	108	102	120	110	90	76	114	108	98	104	84	94	90	88	104	96	106	92	122	98	108	86	128	130	102	100	110	98	116	110	102	112	102	98	92	104	116	100	110	104	112	98	106	110	104	114	90
	108	102	108	110	106	110	98	106	120	94	120	104	102	110	94	88	104	100	96	118	96	92	94	106	94	106	102	108	96	92	108	100	114	108	110	100	104	106	108	98	98	96	118	96	90	102	92	110	98	114	94	90	100	98	108	98	110	96	94	126	120	102	108	102	120	110	90	76	114	108	98	104	84	94	90	88	104	96	106	92	122	96	108	84	128	130	102	98	110	98	116	110	102	112	102	98	92	104	116	100	110	104	112	98	106	110	104	114	90
	108	102	108	110	106	110	98	106	120	94	120	104	102	110	94	88	102	100	96	118	96	92	94	106	94	106	102	108	94	92	108	100	114	108	110	98	104	106	108	98	96	96	118	96	88	102	92	110	96	114	94	90	100	98	108	98	110	96	94	126	120	102	104	102	120	110	90	76	114	108	98	104	84	94	90	88	104	96	106	92	122	96	108	84	128	130	102	98	110	98	116	110	102	112	102	98	90	104	116	98	108	104	112	98	106	110	104	114	90
	108	102	108	110	106	110	98	104	120	94	120	104	102	110	94	88	102	100	96	118	96	92	94	106	94	106	102	108	94	92	108	100	114	108	110	98	104	106	108	98	96	96	118	96	86	102	92	110	96	114	92	90	100	98	108	98	110	96	94	126	120	102	104	102	120	110	90	76	114	108	96	104	84	94	90	88	104	96	106	92	122	96	108	84	128	130	100	98	110	98	116	110	102	112	102	98	90	104	116	98	108	104	110	98	106	110	104	114	90
	108	102	108	110	104	110	98	104	120	94	120	104	102	110	94	88	102	100	96	118	96	92	94	106	94	106	102	108	94	92	106	100	114	108	110	98	104	106	108	98	94	96	118	96	86	102	92	108	96	114	92	90	100	98	108	98	110	96	94	126	120	102	104	102	120	110	90	76	110	108	96	104	84	94	90	88	104	96	106	92	122	96	108	84	128	130	98	96	110	98	116	110	102	112	102	98	90	104	116	98	108	104	110	98	106	110	104	114	90
	108	102	106	110	104	110	98	104	120	94	120	104	102	110	94	88	100	100	96	118	94	92	94	104	94	106	100	108	94	92	106	100	114	108	108	98	104	106	106	98	94	96	116	96	86	102	92	108	96	114	92	90	100	98	108	98	110	96	94	126	120	102	104	102	120	110	90	76	108	108	94	104	84	94	90	88	104	96	106	92	122	94	108	84	128	130	96	96	110	98	116	110	102	112	102	98	90	104	116	98	108	104	110	98	106	110	104	114	90
