	0	0	0	0	0	0	0	0	0	0	0	0	0	0	0	0	0	0	0	0	0	0	0	0	0	0	0	0	0	0	0	0	0	0	0	0	0	0	0	0	0	0	0	0	0	0	0	0	0	0	0	0	0	0	0	0	0	0	0	0	0	0	0	0	0	0	0	0	0	0	0	0	0	0	0	0	0	0	0	0	0	0	0	0	0	0	0	0	0	0	0	0	0	0	0	0	0	0	0	0	0	0	0	0	0	0	0	0	0
	2028	1996	1926	1978	2014	2020	1974	1978	1912	2020	1970	1932	1942	1974	1984	2022	1998	1994	1946	2000	1996	1912	1958	1970	1916	1976	1912	1978	1940	1950	1992	1964	2006	1964	1968	1920	1976	2014	2022	1964	1966	1990	1936	1998	1946	1904	1934	1994	1936	1964	2018	1990	1930	1950	2022	1982	2018	1978	1942	1984	1994	2028	1928	1966	1988	2004	1986	2000	1988	1992	1972	1990	2000	2008	1948	1962	1974	1964	1920	2048	1980	2018	2016	1994	1920	1956	2048	1994	1926	1964	1932	1958	2016	1982	2020	2016	1990	1968	1958	1924	1960	1958	1986	1918	1942	1980	1930	1958	1950
	1570	1580	1560	1560	1600	1572	1554	1560	1516	1510	1586	1538	1568	1534	1562	1574	1578	1638	1524	1628	1566	1542	1540	1610	1528	1540	1516	1584	1594	1548	1574	1560	1576	1550	1594	1568	1584	1582	1562	1590	1574	1576	1550	1582	1540	1514	1558	1546	1514	1576	1608	1544	1518	1576	1598	1608	1456	1478	1568	1554	1580	1608	1572	1586	1568	1594	1598	1584	1548	1524	1556	1576	1562	1570	1580	1538	1534	1614	1498	1640	1546	1532	1588	1596	1546	1584	1626	1550	1538	1566	1514	1492	1608	1556	1624	1586	1574	1484	1534	1566	1536	1558	1600	1480	1528	1492	1522	1552	1556
	1394	1370	1374	1370	1418	1364	1396	1370	1334	1310	1382	1364	1354	1384	1366	1394	1390	1462	1306	1438	1334	1366	1374	1458	1378	1300	1334	1392	1400	1348	1366	1400	1384	1358	1420	1376	1400	1360	1348	1412	1370	1394	1378	1408	1404	1366	1356	1360	1298	1404	1392	1332	1326	1416	1392	1386	1268	1326	1354	1372	1394	1428	1356	1402	1364	1426	1360	1384	1348	1328	1382	1334	1366	1374	1378	1362	1384	1456	1332	1414	1316	1350	1362	1402	1374	1372	1436	1318	1362	1386	1314	1310	1368	1398	1442	1376	1380	1306	1364	1332	1332	1374	1404	1302	1346	1330	1324	1354	1356
	1264	1252	1292	1234	1304	1228	1254	1234	1210	1196	1280	1266	1214	1256	1246	1278	1290	1350	1196	1336	1188	1272	1252	1306	1256	1178	1210	1286	1274	1222	1204	1294	1240	1260	1290	1238	1278	1254	1184	1302	1244	1320	1250	1272	1310	1238	1236	1242	1174	1310	1244	1214	1232	1298	1230	1286	1164	1242	1214	1280	1264	1344	1232	1306	1252	1306	1232	1274	1222	1240	1260	1238	1246	1228	1280	1258	1256	1304	1220	1290	1202	1228	1252	1268	1278	1224	1316	1184	1260	1264	1202	1190	1254	1244	1292	1238	1248	1212	1284	1220	1222	1222	1272	1198	1236	1220	1212	1240	1242
	1168	1168	1222	1160	1224	1148	1162	1160	1174	1126	1186	1172	1148	1160	1174	1202	1192	1240	1128	1216	1134	1202	1142	1206	1202	1094	1174	1158	1196	1156	1144	1196	1132	1176	1216	1172	1198	1170	1104	1200	1178	1200	1178	1190	1236	1118	1158	1158	1118	1254	1176	1152	1126	1224	1134	1214	1110	1166	1148	1154	1212	1260	1176	1224	1174	1218	1164	1208	1142	1160	1176	1168	1162	1136	1206	1156	1160	1194	1158	1204	1132	1134	1152	1192	1206	1138	1230	1114	1182	1200	1146	1108	1154	1162	1198	1132	1158	1146	1206	1138	1158	1118	1200	1102	1176	1150	1122	1154	1162
	1098	1108	1168	1108	1170	1098	1122	1108	1124	1084	1112	1102	1098	1090	1126	1104	1160	1132	1082	1160	1096	1144	1086	1128	1132	1060	1124	1082	1134	1130	1088	1142	1080	1132	1128	1116	1130	1122	1062	1118	1118	1140	1138	1114	1184	1056	1094	1096	1076	1194	1120	1074	1090	1160	1046	1124	1076	1098	1098	1112	1174	1198	1104	1150	1112	1144	1106	1134	1072	1110	1114	1110	1126	1080	1116	1084	1090	1134	1092	1150	1086	1080	1098	1158	1128	1090	1136	1068	1098	1134	1092	1082	1114	1106	1154	1064	1112	1102	1142	1048	1098	1068	1146	1054	1122	1066	1056	1084	1102
	1038	1070	1098	1056	1102	1064	1072	1056	1068	1056	1062	1044	1052	1040	1064	1048	1120	1070	1038	1106	1048	1098	1032	1086	1096	1028	1068	1026	1090	1092	1038	1078	1026	1088	1064	1074	1064	1086	1010	1030	1092	1092	1064	1042	1116	990	1044	1050	1028	1136	1072	1038	1052	1120	994	1088	1016	1050	1052	1062	1118	1136	1052	1116	1076	1106	1068	1052	1012	1092	1064	1054	1090	1036	1068	1022	1040	1096	1048	1096	1042	1036	1060	1120	1062	1058	1074	1050	1048	1074	1040	1038	1058	1040	1082	1022	1054	1054	1096	988	1074	1026	1098	1014	1086	1022	1022	1018	1062
	978	1048	1060	1028	1048	1024	1016	1028	1026	1042	1030	1004	1016	998	1038	976	1080	1020	1006	1066	1012	1048	1008	1030	1058	982	1026	972	1054	1048	1006	1028	992	1058	1026	1014	1016	1058	958	990	1062	1066	1042	1000	1098	956	1008	1022	990	1076	1036	1002	1014	1076	970	1048	992	1016	1016	1034	1072	1090	1024	1088	1050	1062	1028	1012	954	1064	1030	1016	1062	998	1018	966	998	1050	1010	1060	1010	1004	1006	1088	1024	1014	1016	1020	1018	1030	1008	1008	1008	986	1032	986	992	1046	1052	930	1056	1000	1074	974	1034	992	1004	958	1026
	948	1002	1018	980	1014	1012	990	980	1000	1018	994	958	980	960	1006	948	1020	970	984	1022	972	1022	980	992	1032	936	1000	932	1020	1018	994	984	968	1032	1008	980	954	1038	938	964	1016	1020	1016	976	1076	938	968	990	952	1018	1014	980	984	1048	922	1012	960	1000	980	992	1028	1040	988	1048	1024	1028	1006	978	924	1050	1000	994	1018	982	984	944	960	1028	958	1012	974	970	962	1050	1004	954	964	992	988	980	966	974	962	968	980	946	952	1022	1010	902	1034	978	1050	942	1008	966	986	928	988
	926	974	990	954	982	984	960	954	984	1002	972	930	958	924	992	926	1010	932	954	1000	932	992	958	952	1012	890	984	902	996	996	958	946	930	1008	982	932	922	1014	910	942	986	978	996	964	1050	918	956	972	928	988	986	950	950	1016	898	968	934	952	958	952	1002	1006	948	1018	1002	1006	978	952	904	1012	976	972	996	958	958	918	924	986	932	996	940	934	936	1022	988	916	926	964	970	962	916	946	938	944	966	918	930	1004	982	878	1010	958	1022	922	988	952	966	898	954
	902	964	964	930	958	966	926	930	960	964	952	908	942	906	974	904	982	894	928	962	882	970	920	934	990	850	960	882	984	962	936	930	916	978	962	904	904	982	876	922	974	938	976	944	1012	902	934	956	906	958	950	936	924	996	872	938	896	930	942	930	974	980	914	986	980	974	966	926	890	984	952	932	964	944	946	912	906	954	920	974	900	910	914	1004	970	886	910	944	942	942	890	922	904	896	944	886	914	988	960	866	984	950	1008	894	968	936	946	868	934
	888	952	952	890	928	950	902	890	926	934	938	888	924	876	968	886	974	872	908	930	862	922	890	924	956	832	926	858	964	938	914	908	888	960	944	872	898	966	846	902	942	896	964	926	990	894	922	932	888	942	934	910	890	964	856	900	858	912	924	916	936	952	888	944	952	930	962	890	880	964	940	912	946	920	928	890	876	942	902	946	890	872	900	974	938	850	898	928	928	914	868	892	894	878	918	852	894	976	936	856	958	946	966	880	958	908	934	852	918
	862	946	930	868	906	940	886	868	912	914	916	868	904	848	958	882	934	834	886	906	834	904	884	900	934	820	912	844	956	920	904	898	870	942	938	858	874	956	840	884	928	886	940	908	968	876	912	908	874	940	902	880	860	938	826	880	838	882	904	896	930	908	870	920	946	922	950	868	866	952	934	900	922	902	922	882	848	926	882	900	872	864	876	942	922	834	880	910	910	888	856	862	878	860	892	836	888	966	906	848	940	932	952	874	934	898	910	828	902
	844	934	902	850	876	924	862	850	894	896	902	860	888	834	948	856	922	826	878	892	816	890	872	882	928	794	894	810	948	898	894	886	846	920	896	840	856	936	832	856	914	868	906	896	948	862	898	902	846	936	880	864	840	906	810	872	816	856	888	884	906	890	862	884	930	916	944	862	862	938	918	886	910	880	908	868	834	904	872	878	844	854	854	910	916	814	872	902	906	854	844	850	848	844	874	814	868	960	894	828	924	912	934	850	918	878	902	812	890
	834	926	886	832	862	910	832	832	880	874	888	850	876	830	938	838	914	810	870	872	800	868	844	870	912	776	880	790	930	888	892	872	830	902	866	816	856	918	826	844	888	844	892	882	916	852	878	884	826	912	854	834	820	892	794	850	802	848	876	856	894	874	838	864	920	902	928	850	844	928	906	864	886	872	896	840	830	890	866	856	842	846	840	886	906	802	852	894	894	834	824	838	828	820	834	804	844	960	880	814	898	898	920	832	898	860	892	796	874
	826	908	858	808	840	886	826	808	872	868	878	840	848	822	922	826	894	808	864	860	792	854	840	842	904	762	872	780	908	870	864	856	820	878	848	812	842	918	820	838	876	830	880	870	890	844	872	866	804	894	826	820	818	878	776	834	784	834	848	846	884	850	812	844	900	896	920	840	830	924	898	848	870	856	884	816	822	880	846	842	832	832	830	870	882	796	838	882	878	824	812	822	826	804	810	790	840	948	866	800	888	872	910	828	890	856	882	784	864
	816	894	836	796	820	880	816	796	868	858	864	828	838	810	906	802	872	792	846	836	780	848	828	822	898	754	868	762	894	856	852	846	806	868	840	806	824	914	790	804	860	812	874	858	878	824	868	854	790	888	796	794	810	854	762	814	770	824	838	836	876	840	806	834	866	878	916	830	820	914	882	828	862	848	854	796	810	858	840	822	822	816	818	858	870	782	832	870	870	816	802	806	816	790	774	786	834	932	860	798	866	868	898	814	868	844	858	766	858
	812	868	822	784	810	862	814	784	860	852	844	790	820	792	886	780	860	776	828	832	774	846	818	812	886	754	860	758	890	824	836	834	798	852	830	800	822	890	788	790	846	794	870	840	876	812	854	836	780	882	790	792	802	832	756	794	750	822	820	816	872	826	800	820	848	868	904	814	802	898	876	816	840	844	836	788	792	854	838	810	820	812	812	840	836	774	814	858	848	814	788	792	810	772	760	780	830	906	854	792	850	854	868	812	856	828	842	752	850
	808	850	796	776	806	850	808	776	852	844	838	774	814	780	880	778	842	766	816	828	764	830	812	808	868	728	852	744	886	818	828	824	792	836	820	796	816	888	770	770	818	772	860	822	842	802	842	834	772	874	778	782	786	816	750	774	728	806	814	808	870	822	792	804	834	860	888	798	794	892	872	808	804	844	824	768	780	850	834	806	810	804	810	822	824	772	808	856	846	794	776	784	800	760	750	778	824	892	844	772	834	844	846	810	848	802	824	746	844
	792	840	780	768	800	830	808	768	834	842	822	760	806	774	868	774	824	752	812	826	754	824	812	800	854	716	834	736	878	786	826	812	788	810	806	788	810	886	766	760	798	760	846	802	830	782	830	828	766	868	772	778	782	810	740	754	720	794	806	804	866	814	786	786	824	850	880	778	792	882	868	808	794	842	818	764	774	828	818	800	806	802	808	808	808	752	804	852	828	772	760	768	794	756	742	774	820	868	832	762	818	832	818	798	844	796	818	734	830
	778	832	774	764	794	800	806	764	822	834	818	756	796	762	862	742	814	748	792	804	744	814	808	796	842	706	822	732	870	770	820	806	778	796	792	774	810	878	760	746	786	760	836	792	826	778	818	814	756	852	772	758	758	806	728	744	708	780	796	788	858	796	778	766	812	842	874	776	786	878	864	802	776	838	810	756	762	810	816	798	798	786	792	800	806	742	800	838	816	758	748	764	780	744	734	770	816	860	812	754	786	828	802	786	836	784	810	728	812
	764	824	756	758	782	790	800	758	814	830	796	756	794	754	858	730	804	748	788	790	730	804	806	784	834	700	814	720	868	764	812	796	758	788	782	762	806	876	756	734	780	754	828	778	824	764	802	800	734	832	766	750	754	786	720	740	702	772	794	768	854	782	770	754	806	840	872	766	768	868	856	798	760	830	794	754	754	806	814	790	792	782	778	784	796	740	796	834	816	756	724	738	772	736	728	766	808	854	810	746	774	822	792	780	830	778	794	720	808
	750	800	746	750	764	784	794	750	810	826	794	748	774	748	850	726	796	716	782	788	730	798	804	776	830	690	810	720	864	752	802	772	750	778	762	746	798	868	748	732	766	746	826	766	820	746	800	792	722	820	752	744	750	774	710	734	700	766	774	758	850	776	762	732	804	824	866	754	756	864	838	790	750	830	780	754	748	806	808	778	778	774	768	774	792	736	792	824	812	746	720	724	772	718	718	752	806	846	806	734	770	808	788	776	816	768	786	718	792
	740	786	740	750	756	782	788	750	800	818	790	746	768	730	832	724	786	696	772	782	726	792	802	764	824	690	800	720	860	742	794	768	746	776	750	734	784	852	748	730	762	726	818	750	816	744	792	784	718	816	748	738	740	770	704	730	688	758	768	752	850	774	752	724	788	816	860	748	742	862	828	784	748	830	770	746	730	798	800	778	770	762	766	766	784	730	778	812	806	746	718	716	766	718	708	740	794	840	802	724	758	802	776	774	812	760	780	706	782
	736	778	726	746	752	780	780	746	784	814	790	744	764	730	830	720	784	688	764	770	718	778	790	758	812	680	784	712	854	738	784	762	740	772	744	722	770	840	746	726	754	712	814	746	806	744	778	774	708	798	738	730	734	766	700	720	686	756	764	746	838	770	744	704	784	808	858	746	734	860	810	768	738	824	754	736	730	790	798	772	760	758	756	762	764	720	770	806	802	742	702	714	754	710	696	738	792	834	800	716	750	796	770	774	806	754	774	702	778
	730	774	720	740	744	776	778	740	776	812	786	742	762	726	814	710	778	680	756	762	718	770	782	756	802	672	776	712	846	736	782	760	738	764	730	720	764	834	740	718	748	704	804	736	802	742	772	764	698	786	726	728	720	764	688	718	686	752	762	738	834	770	742	688	782	800	852	746	732	860	794	758	732	818	746	728	726	772	782	770	754	748	752	754	758	714	766	800	796	740	696	710	744	704	690	738	784	834	794	714	742	786	762	770	802	748	774	696	770
	724	758	718	738	744	772	766	738	764	810	782	728	756	724	808	702	770	676	742	756	718	762	778	750	790	664	764	712	838	726	782	760	736	754	716	714	762	830	738	712	738	702	800	726	798	742	772	746	684	774	720	722	712	754	674	714	672	750	756	730	830	758	742	682	772	794	840	742	716	848	774	746	722	814	736	714	724	768	778	766	746	748	742	750	756	708	762	790	792	734	686	710	736	696	678	738	772	818	792	708	740	778	760	762	796	748	770	692	760
	712	754	716	736	744	766	754	736	756	806	772	722	746	718	802	698	766	662	738	754	714	754	772	738	782	652	756	710	834	724	768	760	724	748	704	712	750	830	734	708	730	694	790	718	796	740	768	734	680	768	706	712	702	744	666	706	668	746	746	726	826	748	726	674	762	794	832	736	712	840	772	744	716	812	726	710	718	760	772	764	740	748	734	744	756	698	760	786	782	734	676	706	734	690	676	736	770	808	786	702	734	772	752	762	792	736	756	674	750
	708	750	710	726	742	756	748	726	746	802	764	720	740	714	790	698	762	656	726	742	712	744	768	734	780	638	746	704	826	720	754	752	722	732	700	708	746	824	726	706	722	694	784	704	788	736	760	730	668	766	702	706	698	742	652	696	666	746	740	724	818	746	726	662	760	784	824	732	710	830	768	740	698	806	722	704	714	756	772	756	732	738	726	730	752	694	760	786	782	732	672	692	730	682	670	724	768	800	776	698	728	770	750	756	776	730	740	666	732
	706	744	698	718	738	756	738	718	738	800	758	718	740	708	778	684	760	650	706	740	710	740	766	728	762	626	738	702	820	704	750	744	716	724	688	704	746	814	714	702	710	692	780	696	786	736	748	728	668	758	696	704	686	730	652	692	666	746	740	718	818	744	726	658	754	782	820	728	704	830	758	738	690	806	720	696	708	756	772	748	728	732	718	728	744	688	756	770	776	732	668	684	722	680	666	716	766	792	772	694	722	768	734	752	756	720	730	662	728
	702	738	694	714	734	750	734	714	734	796	752	718	730	700	770	682	750	642	696	738	708	734	762	720	754	620	734	694	804	700	744	742	712	720	686	704	744	814	704	702	700	692	778	684	784	730	742	724	666	752	686	702	678	718	648	692	664	738	730	716	818	734	722	658	754	780	812	728	702	826	752	738	680	802	718	684	700	752	762	736	712	726	710	720	740	686	754	770	776	730	654	680	716	674	656	716	766	792	766	690	716	768	726	746	754	716	730	656	726
	700	726	686	712	724	730	732	712	728	792	740	716	730	698	770	678	750	636	696	730	708	732	762	718	740	616	728	694	798	698	724	742	712	710	678	704	742	810	696	702	692	690	774	676	782	726	736	724	666	748	674	698	668	704	644	692	664	730	730	714	814	728	722	658	754	770	798	728	698	818	752	736	670	794	704	680	698	750	758	734	712	724	704	718	736	684	754	768	774	724	644	672	712	674	654	716	758	790	758	678	712	762	726	732	736	712	730	652	720
	698	716	686	706	718	730	728	706	718	788	736	712	726	690	766	674	750	632	692	718	708	730	760	712	738	616	718	694	794	694	724	738	708	704	678	700	742	806	692	700	680	688	772	674	782	720	732	722	662	748	674	692	652	698	642	684	664	724	726	714	804	726	706	658	746	770	792	726	692	810	740	730	668	784	694	680	690	744	754	730	708	720	700	710	730	672	752	768	774	716	632	672	710	666	652	714	754	788	752	674	708	762	724	728	724	706	728	652	714
	696	704	686	694	716	730	724	694	712	784	736	712	726	690	766	674	740	632	682	710	708	728	754	710	732	614	712	684	792	690	714	736	706	696	676	700	738	806	684	698	680	688	770	670	778	720	732	722	660	744	664	678	636	692	640	682	658	724	726	712	788	726	700	650	742	764	790	720	676	810	732	716	648	778	686	680	690	738	744	728	708	714	700	710	724	666	740	766	770	716	626	666	708	656	652	710	752	776	748	668	704	758	722	724	714	702	726	646	700
	696	700	684	694	714	730	718	694	710	776	728	712	726	690	762	672	738	630	672	696	706	726	746	706	722	614	710	678	788	684	704	726	704	690	672	696	738	804	684	698	680	688	770	664	772	714	730	722	660	738	658	672	632	690	636	676	654	714	726	712	788	726	696	646	740	762	776	714	676	806	724	712	646	776	682	678	690	734	740	728	706	706	694	710	716	664	740	764	758	716	626	662	702	654	646	700	744	774	748	666	702	750	710	722	710	696	726	646	686
	688	692	678	694	712	730	714	694	704	770	724	710	724	688	760	668	732	630	668	688	706	726	744	698	718	604	704	678	782	680	700	722	702	688	666	696	736	802	684	692	676	684	770	658	762	708	724	716	652	734	654	672	624	690	626	674	654	712	724	710	780	722	694	644	738	762	768	714	674	802	720	710	646	772	676	672	688	732	730	718	706	704	686	708	712	658	734	756	754	716	618	652	702	650	642	700	742	772	744	662	702	746	710	722	710	690	722	646	686
	686	686	676	688	710	724	708	688	700	764	720	708	720	680	760	668	730	630	662	686	704	726	742	698	716	600	700	672	776	678	688	722	698	682	662	696	728	802	682	692	670	678	768	652	758	704	716	710	646	732	634	672	624	688	626	674	650	710	720	710	770	722	688	638	732	762	760	714	666	802	720	700	644	772	676	670	680	730	730	706	702	704	678	706	698	656	726	754	752	708	618	652	698	650	638	700	742	764	744	658	702	740	708	716	708	688	716	638	676
	682	680	670	688	704	720	706	688	696	762	712	708	716	676	756	668	730	630	654	684	702	726	732	694	708	600	696	670	772	674	686	720	692	676	654	696	726	796	678	692	670	678	766	644	754	704	716	708	646	726	628	666	622	684	622	670	648	706	716	710	760	722	686	638	732	754	760	712	648	802	718	696	642	766	676	664	676	726	724	704	702	704	676	700	690	650	724	754	752	706	616	650	698	650	636	690	738	760	742	654	702	734	706	712	700	684	702	634	674
	680	674	668	686	698	720	706	686	696	762	708	708	716	676	750	666	730	624	648	680	698	726	730	692	706	600	696	666	772	672	684	716	690	674	648	692	722	790	678	690	668	676	764	638	744	704	714	706	644	726	624	666	622	682	622	666	648	704	716	708	748	720	684	638	732	750	758	712	638	800	718	682	642	766	676	656	676	726	722	700	698	700	672	690	684	648	716	750	752	700	608	650	696	646	628	690	738	758	738	650	702	734	706	710	698	682	690	632	674
	680	666	668	682	698	718	702	682	692	746	704	702	716	676	744	664	728	624	646	680	696	724	728	686	704	592	692	662	774	670	682	716	682	668	648	692	722	790	674	690	668	674	764	628	742	702	714	706	634	726	624	664	622	676	622	664	642	702	716	704	736	720	680	632	732	744	756	712	638	798	718	678	636	764	672	652	676	724	722	700	696	698	668	684	672	648	708	746	750	700	606	648	696	644	612	690	736	754	738	650	700	734	700	702	690	682	690	620	672
	672	656	668	682	698	714	698	682	690	744	698	700	716	676	730	652	722	622	644	674	686	720	724	678	700	590	690	656	770	668	680	714	680	664	644	688	718	786	670	690	668	674	764	626	742	702	714	706	632	724	624	656	614	674	620	662	638	698	716	704	736	718	676	630	732	738	754	712	638	794	708	672	628	762	672	648	676	724	720	694	692	694	664	684	670	648	700	742	744	698	602	648	694	644	608	688	732	754	734	644	700	734	698	702	690	680	688	620	668
	662	652	666	682	694	714	698	682	688	744	694	688	714	676	724	646	718	622	636	672	682	716	724	676	700	586	688	654	768	664	680	704	676	662	638	684	714	780	668	686	666	674	752	622	736	702	714	706	632	722	622	650	614	672	618	662	636	696	714	704	734	716	672	620	732	728	754	708	636	784	704	670	624	760	664	648	676	720	718	688	686	694	662	684	668	648	692	742	742	696	602	646	688	642	608	688	720	754	732	636	694	734	694	694	690	680	686	618	660
	658	636	668	678	690	714	698	678	684	744	686	684	710	670	724	642	716	622	634	660	680	716	724	674	700	580	684	654	764	664	678	704	674	660	622	682	714	778	668	686	666	670	748	616	732	702	712	706	630	718	622	648	610	670	618	662	630	696	710	704	734	716	670	614	732	728	748	708	632	784	704	668	626	758	660	646	670	714	714	682	686	688	660	682	664	646	690	742	738	696	602	646	686	640	604	688	706	754	724	628	688	734	694	692	676	678	680	612	658
	658	632	664	676	688	714	696	676	682	738	686	680	710	668	720	640	716	622	630	654	674	712	724	670	694	580	682	654	764	664	672	704	674	656	622	682	714	778	668	684	666	666	742	614	728	700	710	706	628	716	618	648	606	666	616	660	628	696	710	704	734	716	668	614	732	724	748	708	632	778	704	664	624	756	654	644	668	712	712	674	686	688	654	682	664	646	684	740	738	696	600	646	686	634	602	688	704	754	722	626	684	734	694	684	676	678	674	612	652
	654	632	660	674	688	712	694	674	680	738	684	676	710	666	720	638	714	622	622	654	670	710	724	668	694	580	680	652	764	664	672	698	670	654	620	682	714	776	658	678	666	656	730	614	714	698	710	706	622	716	618	648	602	666	612	654	628	696	710	704	732	710	668	614	730	720	742	706	632	774	704	660	622	756	648	642	666	712	710	670	686	686	652	678	662	644	682	740	738	696	600	640	680	632	598	688	704	750	720	618	674	734	690	682	672	674	670	606	638
	652	630	660	674	686	712	680	674	678	738	678	672	710	664	720	634	710	622	618	654	670	706	722	666	694	580	678	652	752	664	668	698	666	648	622	680	710	776	648	674	666	650	728	604	706	698	710	700	620	716	618	646	596	660	610	648	626	696	710	704	726	710	668	614	730	718	742	706	632	774	704	648	622	754	644	632	664	710	702	670	680	686	648	674	660	644	682	740	738	692	598	640	680	626	590	684	696	748	720	618	664	734	690	678	668	668	664	604	636
	648	628	660	670	686	712	680	670	674	736	676	672	710	664	720	628	710	622	616	652	670	696	722	662	694	580	674	650	746	664	662	698	662	646	620	680	710	774	648	674	666	646	724	598	698	698	710	694	620	716	618	638	594	660	606	648	626	694	710	700	724	708	666	612	730	718	740	700	630	770	702	646	622	746	642	630	664	706	698	666	680	684	648	674	658	642	682	736	738	690	598	640	680	620	588	680	698	748	720	610	660	734	688	672	666	668	658	600	632
	646	626	658	670	686	710	676	670	674	736	674	664	710	656	716	628	710	622	612	652	670	694	724	662	694	580	674	650	740	664	662	694	656	646	620	680	710	772	648	668	666	646	720	596	698	698	710	686	620	714	618	632	592	658	604	646	622	688	710	700	722	708	660	612	730	710	738	698	630	768	700	644	622	744	638	630	656	706	694	662	676	678	648	672	656	636	674	734	734	690	596	640	678	620	584	676	698	748	718	606	656	732	686	670	662	668	652	588	620
	646	618	648	664	686	710	674	664	674	736	672	662	710	652	716	628	704	622	608	652	670	688	718	662	694	580	674	644	740	662	652	690	652	644	618	680	710	770	644	668	666	644	720	592	692	698	708	686	618	712	620	628	592	652	602	646	622	686	710	700	718	708	654	610	730	710	736	698	630	768	694	640	622	744	624	630	652	696	690	658	674	672	644	670	654	632	672	730	732	690	596	640	676	614	584	676	694	748	716	602	654	732	686	666	658	668	644	588	614
	644	618	644	664	686	708	672	664	672	736	666	652	704	650	712	626	704	620	606	648	670	684	716	662	694	580	672	644	736	658	650	690	650	640	616	680	710	766	644	670	664	636	720	592	686	694	708	686	618	708	616	622	588	652	594	646	622	684	704	700	720	708	654	610	728	708	736	698	630	768	694	640	622	744	622	630	650	690	684	658	674	668	644	670	654	632	672	730	730	686	594	640	674	608	584	672	700	748	716	598	650	732	682	664	658	664	632	588	606
	644	612	636	664	684	708	666	664	672	736	656	652	700	646	708	626	704	618	602	644	670	684	716	660	692	580	672	644	736	658	638	682	646	640	614	680	710	766	644	662	658	626	718	588	686	694	708	686	616	706	620	616	586	650	594	646	620	684	700	700	710	704	654	606	728	706	736	696	622	768	694	638	616	744	622	630	646	686	684	656	674	666	644	668	648	632	672	730	726	686	594	634	666	608	582	670	692	744	714	596	650	726	678	664	654	664	630	588	598
	640	612	636	662	684	704	664	662	670	736	652	648	700	640	708	626	704	618	602	644	670	678	714	658	692	580	670	644	730	658	632	678	646	640	616	680	708	766	644	664	654	624	718	584	686	690	708	686	616	706	618	616	584	646	594	646	620	686	700	700	712	704	654	604	728	706	728	692	620	768	694	638	610	744	624	630	640	686	676	654	670	662	644	662	648	632	672	730	726	686	594	632	662	606	582	668	692	744	710	596	648	724	670	658	648	664	624	588	596
	640	612	628	662	680	704	662	662	670	736	642	648	700	640	708	626	696	614	600	644	670	676	712	656	692	580	670	644	730	656	630	678	644	640	616	678	708	754	640	658	654	622	710	584	684	690	708	678	616	706	614	616	584	644	594	646	620	680	700	700	710	700	654	602	728	706	726	686	618	766	692	634	602	744	622	630	640	686	676	654	668	662	640	662	646	632	672	728	726	686	592	632	648	604	582	666	682	744	710	596	648	720	668	658	646	662	618	588	592
	642	610	624	662	678	702	654	662	668	732	634	648	700	640	708	626	696	612	594	644	670	676	706	654	692	580	668	644	730	656	630	674	644	640	614	678	704	752	630	660	646	622	710	584	682	688	708	674	614	706	614	616	588	644	594	642	620	678	700	700	706	692	654	598	726	704	724	682	616	764	692	634	602	744	622	628	640	684	672	652	666	662	640	660	644	632	672	728	724	682	592	628	646	604	582	666	686	744	710	594	648	720	666	658	646	658	618	586	584
	638	608	614	660	678	698	652	660	666	732	630	648	700	640	708	624	696	608	594	644	668	674	696	654	692	580	666	644	728	654	630	672	644	638	612	678	702	750	628	654	644	620	706	580	680	690	708	664	608	704	616	616	586	642	588	638	620	678	700	700	704	688	654	598	726	704	724	680	616	760	692	632	600	744	622	628	640	684	672	648	666	656	640	660	644	632	672	728	722	682	592	630	646	598	580	666	676	744	710	590	648	720	662	658	646	658	608	586	572
	640	608	604	660	672	698	652	660	666	726	630	648	696	636	702	622	690	608	594	642	668	668	686	652	692	580	666	644	722	652	620	668	644	640	608	678	702	750	628	650	636	618	706	582	680	676	706	664	604	696	608	612	582	636	588	638	616	682	696	698	700	684	652	596	724	702	726	680	610	756	692	630	596	744	620	626	636	684	670	646	666	654	640	660	642	630	672	726	720	680	592	630	646	596	578	666	672	744	704	580	648	718	662	652	644	656	610	586	570
	640	608	598	660	670	692	652	660	664	724	628	648	694	630	702	622	690	608	594	638	668	668	682	652	682	580	664	644	720	648	626	668	644	638	608	678	702	750	626	656	630	618	704	576	678	670	706	662	604	694	608	612	574	634	588	634	616	678	694	698	696	684	652	590	724	700	724	680	610	752	692	630	596	742	622	626	630	684	668	648	664	650	640	660	642	630	672	724	716	674	592	630	646	588	578	662	678	742	704	576	638	716	662	652	642	650	606	584	558
	634	608	598	660	668	690	648	660	658	720	626	648	692	628	694	622	690	602	594	638	666	666	682	652	676	576	658	644	710	646	624	668	644	636	612	678	702	748	624	644	626	616	702	578	676	670	702	656	602	692	604	608	574	630	586	630	616	680	692	698	700	684	652	590	724	700	724	678	610	752	692	630	592	742	620	624	628	678	666	646	656	648	640	660	638	628	672	722	714	670	590	628	646	586	578	662	676	740	704	576	638	716	656	650	640	650	608	584	554
	634	604	596	660	668	686	648	660	654	714	622	648	690	626	688	622	688	602	594	636	664	666	668	652	674	574	654	644	710	644	622	666	642	634	608	678	702	748	620	640	624	616	702	572	676	670	702	656	602	692	604	608	576	630	586	628	616	676	690	698	690	684	652	586	724	700	726	678	610	752	690	628	590	742	620	618	626	678	658	644	656	644	640	660	636	628	670	722	714	668	586	628	646	586	576	662	672	736	704	576	638	714	652	650	636	650	604	584	552
	636	600	592	660	666	686	648	660	646	714	620	646	682	624	688	622	684	600	594	630	662	666	664	652	670	574	646	644	708	644	618	666	640	634	608	678	702	746	616	640	620	616	702	570	676	668	702	656	602	692	604	608	580	630	586	628	614	672	682	696	686	684	648	586	724	698	726	676	610	748	690	624	594	740	624	616	624	676	654	644	656	644	640	660	636	626	666	716	714	666	586	620	646	586	574	662	676	736	702	576	638	714	652	650	634	648	596	584	550
	634	592	590	658	666	684	648	658	644	714	624	646	682	624	688	620	680	600	592	630	662	664	656	652	668	574	644	642	708	640	622	666	636	634	606	678	702	740	612	628	618	620	702	572	668	668	702	656	602	692	604	608	574	630	580	628	614	672	682	694	672	684	648	580	724	694	724	674	606	748	684	620	590	740	618	614	624	670	646	644	656	642	640	660	634	622	660	712	714	666	580	620	646	586	574	662	678	736	702	572	634	714	650	650	626	646	596	584	544
	634	592	590	658	666	680	648	658	642	714	622	646	676	622	686	618	676	600	588	628	660	664	654	652	664	570	642	640	708	634	620	666	636	630	608	678	700	728	612	630	618	618	702	570	666	668	702	650	602	692	608	608	570	630	580	628	614	670	676	694	670	684	646	580	724	690	722	674	606	748	680	618	592	738	616	614	622	668	644	644	656	640	640	660	630	622	660	710	714	664	580	620	646	586	574	662	670	736	702	568	632	714	648	650	624	644	596	584	548
	636	592	582	658	666	676	648	658	642	714	620	646	676	622	686	618	676	600	586	628	660	660	652	652	664	568	642	640	704	634	618	666	636	628	606	678	700	724	610	622	610	616	702	566	664	662	702	648	602	692	608	608	568	628	578	628	614	668	676	694	666	684	646	580	724	688	722	668	606	748	680	618	592	738	612	614	622	664	644	644	656	634	640	660	630	622	662	704	704	664	580	622	646	586	572	664	672	732	702	568	632	714	646	650	624	642	600	584	540
	630	592	578	658	666	676	646	658	642	712	620	646	668	622	686	618	676	598	584	624	658	648	652	652	662	566	642	634	704	634	622	666	636	628	604	678	700	710	608	622	610	616	702	566	666	662	702	646	602	692	604	608	570	628	578	628	614	662	668	694	664	684	640	580	724	672	718	666	606	748	676	618	592	736	610	614	622	662	642	644	656	632	640	658	630	622	660	704	706	664	580	618	646	584	572	662	670	732	700	566	626	714	646	648	624	642	598	584	534
	630	592	578	658	662	674	646	658	642	710	616	644	666	620	686	618	676	594	576	624	654	644	650	652	660	568	642	634	700	626	620	666	636	616	606	678	696	710	606	616	606	616	698	566	664	658	702	646	602	692	602	608	570	628	576	626	614	664	666	694	648	684	628	578	724	670	720	666	606	748	676	618	590	736	610	614	620	662	642	644	656	630	638	650	628	622	660	704	702	664	580	616	646	584	572	666	664	732	700	566	622	714	646	646	624	640	592	584	532
	630	592	572	658	660	670	646	658	644	710	616	636	662	620	686	618	676	594	574	624	652	644	646	652	654	562	644	630	694	624	624	666	636	610	604	678	696	710	598	620	606	612	698	566	666	658	702	646	600	692	608	608	576	628	574	624	614	662	662	694	646	684	624	572	724	666	720	666	606	748	676	618	592	730	604	614	620	662	636	642	656	632	638	646	626	622	664	704	696	664	580	616	646	584	568	664	664	728	700	566	622	714	642	644	626	640	592	584	534
	632	590	570	658	660	668	646	658	636	710	614	636	662	618	688	618	676	594	570	624	652	644	644	652	654	562	636	630	692	624	618	666	632	606	606	678	696	710	594	616	604	612	698	564	666	658	702	644	600	692	602	608	572	628	574	622	614	662	662	688	638	684	624	572	724	662	718	664	606	748	676	618	582	728	602	614	618	662	636	640	650	632	636	644	626	622	660	702	694	660	580	616	646	582	568	664	668	728	696	566	622	714	640	642	624	640	588	584	532
	632	590	568	656	660	666	636	656	636	708	622	636	662	616	682	616	676	592	566	620	652	644	638	648	650	558	636	630	690	620	612	666	628	606	606	678	692	710	594	620	604	610	692	566	668	660	702	644	600	692	602	606	570	628	574	622	614	662	662	682	638	682	624	572	724	660	720	662	606	748	676	618	586	724	604	614	616	660	632	638	646	632	632	644	626	622	658	702	694	656	578	614	646	580	568	660	662	728	694	566	622	712	634	640	622	640	592	584	530
	632	590	568	656	658	664	634	656	634	708	616	630	662	616	682	614	676	592	566	620	650	642	634	648	650	560	634	630	688	616	620	664	626	606	604	678	692	708	590	618	604	606	688	560	664	658	702	644	600	692	602	602	566	628	572	622	612	652	662	674	638	682	624	572	724	658	720	662	604	748	676	618	588	726	604	614	616	660	624	642	646	630	630	644	626	622	658	702	692	654	576	614	646	580	568	662	662	728	698	560	616	712	634	640	622	640	590	584	528
	630	590	568	656	654	664	632	656	628	708	612	630	660	616	680	614	674	592	566	620	650	642	628	638	646	556	628	630	688	610	612	664	626	606	600	678	692	708	586	620	604	608	686	564	664	658	702	640	600	692	600	600	562	628	572	622	612	656	660	672	636	680	624	572	724	658	718	662	604	748	674	614	580	724	602	614	616	654	620	640	646	630	630	640	626	618	660	702	690	654	576	610	646	580	568	658	662	728	696	558	614	712	634	640	620	638	582	582	532
	630	586	568	656	656	664	632	656	626	708	606	630	660	616	680	614	674	592	564	620	650	640	632	634	646	558	626	626	688	606	602	658	622	604	600	678	690	710	584	618	598	604	686	558	658	660	700	638	600	692	602	600	564	626	572	622	614	656	660	672	636	680	624	570	724	650	712	662	604	748	670	610	588	722	606	614	616	654	612	634	642	630	628	638	624	616	660	698	690	654	576	610	646	580	568	660	664	728	698	556	612	708	628	638	618	636	584	582	528
	632	582	564	660	654	664	632	660	618	704	608	630	658	614	680	614	674	592	564	614	650	640	624	628	646	556	618	626	686	604	600	658	622	598	604	678	690	702	584	616	594	608	682	562	656	664	700	634	600	692	600	600	564	626	560	622	612	654	658	672	638	674	624	570	724	650	710	660	604	748	670	610	588	716	604	610	614	652	600	632	640	630	624	632	620	616	656	698	686	654	576	604	646	580	570	662	664	728	692	554	610	708	624	638	618	638	586	582	528
	632	580	562	660	652	664	632	660	614	704	604	628	658	610	676	614	674	592	562	614	650	640	624	618	644	556	614	626	684	600	590	658	618	598	598	678	690	702	584	612	594	606	678	560	654	658	700	632	600	684	592	600	560	626	560	622	616	648	658	672	632	674	624	570	724	646	712	658	600	748	670	608	580	714	596	604	610	648	596	630	638	634	624	630	618	616	658	696	684	654	576	604	646	580	568	660	656	724	688	552	602	706	624	638	618	626	584	582	530
	630	578	558	660	652	664	632	660	614	700	606	624	658	610	670	614	670	592	566	610	650	640	624	614	638	556	614	626	682	598	592	658	616	598	600	678	688	698	582	616	594	606	678	564	650	658	700	630	586	680	594	600	562	628	562	622	614	648	658	672	632	674	624	570	724	642	712	658	600	748	664	608	588	716	596	604	610	642	596	632	636	632	624	622	616	616	660	692	684	652	576	602	646	580	566	658	652	724	682	552	602	706	622	630	616	626	588	582	530
	632	578	554	656	650	662	632	656	612	700	606	622	658	610	672	614	670	592	562	606	650	638	624	614	632	558	612	624	682	598	592	658	616	598	598	678	688	686	582	612	594	606	678	558	650	656	700	628	582	680	592	600	558	626	550	620	610	652	658	672	626	674	624	570	724	640	710	658	602	748	664	606	588	710	596	604	610	640	594	632	636	632	620	620	614	614	656	688	684	652	576	602	646	580	568	652	654	724	686	552	602	702	622	628	616	626	584	582	528
	630	580	552	658	648	662	630	658	606	694	602	618	656	608	668	616	670	592	560	606	650	636	626	614	634	554	606	624	682	596	596	658	610	596	596	678	682	688	580	612	594	606	678	566	646	660	700	628	582	676	594	600	560	626	548	620	608	650	656	672	622	670	622	570	724	640	712	656	596	748	664	606	580	708	598	604	608	638	594	636	632	628	618	616	614	614	656	688	680	652	576	602	646	580	566	652	658	724	682	552	602	698	622	624	618	624	586	582	532
	632	578	550	658	654	662	624	658	606	694	594	614	656	604	670	614	670	592	558	604	646	636	618	612	634	556	606	624	680	596	590	658	610	596	600	678	682	686	580	616	592	608	674	558	642	658	700	628	582	672	594	600	562	626	550	618	606	646	656	670	630	668	622	570	724	636	698	654	598	748	664	598	588	708	600	604	604	638	592	632	630	630	612	616	614	614	654	688	678	652	576	602	646	580	560	652	664	724	684	552	602	692	622	622	618	618	582	582	526
	634	580	550	656	650	662	624	656	608	692	594	614	650	600	662	614	670	592	556	606	646	636	618	612	632	556	608	624	680	594	600	658	610	594	600	678	678	684	580	612	592	606	674	558	640	658	700	628	582	672	588	600	558	628	550	618	604	642	650	670	622	668	622	570	724	636	694	654	594	748	664	598	588	700	598	604	600	638	586	636	630	626	612	618	614	614	656	688	676	652	574	602	646	580	550	652	660	724	684	552	602	690	622	620	616	618	584	582	526
	632	578	550	656	650	662	622	656	606	692	594	612	646	598	666	614	670	592	554	606	644	636	612	612	632	558	606	624	676	592	588	658	610	594	596	678	678	686	580	616	590	606	674	562	638	652	700	626	580	672	580	600	556	626	550	618	604	642	646	670	612	668	620	570	724	628	692	654	596	748	662	598	580	702	592	602	598	638	584	630	626	626	612	614	614	614	652	688	680	652	574	596	646	580	552	652	658	724	678	552	604	690	622	620	618	622	582	582	532
	634	578	550	658	648	662	620	658	604	692	596	612	646	598	662	614	670	592	552	600	640	636	608	612	634	562	604	624	674	592	594	658	610	590	596	678	678	686	578	614	590	604	674	560	634	656	700	626	580	672	584	598	560	626	548	618	608	640	646	670	612	668	612	570	724	628	690	654	594	748	660	598	584	698	586	598	598	638	584	634	622	628	612	616	614	614	654	684	676	652	574	596	646	580	548	650	656	724	672	550	604	684	618	620	618	620	578	582	524
	634	578	550	658	642	662	620	658	604	692	598	612	644	598	666	614	670	590	552	600	638	636	608	612	628	552	604	624	672	592	598	654	610	590	598	678	678	684	576	618	590	606	674	562	632	652	700	626	580	670	588	598	556	628	550	618	604	640	644	670	612	668	610	570	724	628	690	654	592	748	658	590	584	698	586	598	598	638	582	634	620	626	610	616	614	612	652	684	674	652	574	596	646	580	544	654	658	724	676	546	598	684	618	620	616	618	582	582	516
	628	580	544	652	644	662	616	652	602	684	598	612	642	598	660	614	666	590	550	596	636	636	608	612	628	554	602	624	672	592	588	648	608	588	598	678	676	686	576	614	590	608	674	562	634	656	700	626	580	670	586	598	558	630	550	618	608	636	642	670	610	668	610	570	724	628	686	652	592	748	654	590	576	690	594	598	598	638	580	636	620	632	610	614	608	610	654	682	670	652	574	590	644	580	546	654	660	724	670	546	598	682	614	616	616	618	580	582	516
	624	578	540	652	644	662	616	652	604	684	598	610	640	598	656	612	664	590	538	598	634	636	608	610	630	556	604	622	670	592	584	648	608	588	596	678	676	686	576	604	590	602	672	560	630	652	700	626	580	664	580	598	558	628	550	616	608	634	640	670	608	668	610	570	724	626	688	650	590	748	652	586	584	692	578	598	598	640	580	634	620	626	612	612	602	608	652	678	664	650	574	600	640	580	548	652	660	722	674	542	592	682	614	616	622	620	580	580	518
	624	580	534	652	650	662	616	652	604	684	598	610	638	598	654	616	654	590	540	592	636	636	604	608	630	552	604	618	670	588	588	648	606	588	596	678	670	688	576	608	590	600	674	558	628	652	698	626	580	660	582	596	554	626	548	616	604	636	638	670	610	668	610	570	724	626	686	650	588	746	652	586	582	694	570	598	598	634	578	634	618	628	608	610	602	608	654	674	670	650	574	592	638	580	544	650	654	722	668	542	588	678	612	616	618	618	586	580	512
	626	580	530	652	648	662	616	652	600	684	598	608	638	600	660	614	652	590	538	594	634	636	598	606	628	556	600	620	670	588	578	648	606	588	598	678	666	684	576	604	590	600	668	552	630	656	698	626	580	660	582	596	566	626	544	616	606	644	638	670	608	668	608	570	724	626	688	650	588	744	652	586	574	692	580	598	600	630	578	632	618	630	610	610	602	608	656	674	660	650	574	598	638	580	544	644	658	722	670	542	596	678	612	616	622	620	582	580	512
	616	576	524	650	644	662	616	650	602	684	598	602	638	598	658	620	652	590	536	594	632	636	594	606	630	552	602	616	670	586	584	648	606	590	600	676	662	684	576	600	588	602	670	546	628	656	698	626	578	660	578	596	554	626	548	616	604	634	638	670	604	670	608	570	724	622	692	650	590	744	654	580	582	690	566	596	598	630	578	636	618	632	608	612	602	608	648	672	662	650	572	590	638	580	544	642	658	722	668	542	590	678	610	616	618	616	576	582	510
	618	576	522	654	640	662	616	654	600	684	596	600	638	600	652	612	652	590	534	592	626	636	596	602	622	550	600	616	668	586	590	648	606	590	596	676	662	686	570	600	590	600	670	558	630	656	698	626	578	658	576	596	560	630	552	616	610	636	638	670	606	668	604	570	724	620	686	650	588	744	650	578	578	692	558	596	600	628	578	632	614	630	604	612	602	608	650	672	660	650	572	584	638	578	544	642	658	722	668	542	590	678	608	614	622	616	578	582	512
	614	576	520	654	624	662	614	654	604	680	602	598	638	600	656	612	652	590	536	592	628	636	598	600	618	554	604	616	668	586	578	648	604	592	594	676	662	686	568	602	590	598	674	552	630	654	698	626	578	658	578	596	560	630	552	616	608	630	638	670	596	666	604	570	724	618	686	646	592	742	652	578	570	690	558	594	600	628	578	632	614	632	604	612	598	608	650	672	666	650	572	588	638	578	544	642	654	722	672	542	590	678	606	614	618	614	582	582	508
	614	576	520	654	626	662	614	654	600	672	594	594	636	600	656	612	652	590	534	592	628	636	596	600	624	552	600	616	666	584	584	648	604	592	594	676	662	684	568	602	588	592	674	538	628	654	698	626	578	656	580	596	558	630	546	616	606	620	636	670	600	668	604	570	724	616	686	646	590	742	652	576	578	686	548	594	600	630	578	630	614	626	602	616	596	608	648	672	662	650	572	586	638	578	546	638	658	722	668	542	592	674	604	612	618	614	574	582	508
	616	578	520	656	624	660	614	656	596	670	594	594	636	598	648	614	640	590	530	592	626	636	598	600	618	552	596	614	666	582	594	648	604	594	586	676	662	684	568	608	588	590	672	528	632	656	698	628	578	656	570	596	562	624	548	616	604	616	636	670	592	666	604	568	724	616	690	646	588	742	656	576	578	690	546	594	598	628	578	638	614	626	602	612	596	608	648	670	662	650	572	584	638	576	544	640	656	722	678	540	586	676	604	612	616	612	578	582	504
	616	576	520	652	626	658	614	652	606	670	594	594	636	600	646	612	640	590	528	588	626	636	596	600	616	550	606	616	666	574	584	648	606	588	586	676	662	686	568	602	586	588	670	522	630	654	692	628	578	654	568	596	556	624	546	614	608	620	636	670	592	668	604	568	724	612	686	642	586	742	656	576	570	690	558	590	600	626	578	634	614	628	604	612	596	608	646	670	664	650	572	578	638	574	544	636	658	722	668	538	588	672	604	612	614	606	576	582	512
	618	578	520	654	614	644	614	654	598	668	592	590	636	598	646	612	640	590	528	582	630	634	598	600	628	546	598	620	666	572	586	648	604	590	588	676	662	686	568	600	588	586	668	538	630	654	692	626	578	654	576	596	556	622	542	612	608	616	636	670	588	666	604	568	724	608	690	642	588	742	650	572	578	690	550	588	598	628	578	634	614	630	604	610	592	608	646	670	666	650	572	584	638	574	546	634	656	722	666	536	586	672	604	612	612	606	576	582	508
	618	574	522	656	618	640	612	656	600	668	596	586	636	600	642	612	638	590	526	586	628	634	596	600	620	544	600	616	666	572	588	644	606	590	586	674	662	684	568	606	586	588	668	526	630	656	688	628	578	654	572	596	560	622	548	610	606	616	636	670	586	664	598	568	724	608	686	642	586	742	648	572	578	684	546	588	600	628	578	632	614	634	604	612	592	608	646	670	662	650	572	576	636	574	544	630	658	720	666	536	588	678	604	612	610	610	572	582	496
	618	572	522	656	616	644	612	656	594	668	592	582	636	600	646	612	636	590	530	578	626	634	592	600	622	546	594	610	666	572	576	644	610	588	584	674	660	686	566	610	586	584	668	528	630	656	688	626	578	654	570	596	552	624	550	606	606	620	636	670	588	662	598	566	724	608	694	642	594	744	646	572	570	684	556	588	600	626	578	634	614	630	602	610	592	608	642	670	664	650	570	572	632	574	544	628	654	720	666	536	586	676	604	612	608	606	576	582	498
	616	576	522	656	618	640	612	656	602	664	592	580	636	602	650	612	636	590	518	576	624	634	594	596	622	548	602	610	666	572	576	644	606	592	584	672	658	684	566	602	586	584	670	526	628	652	688	630	576	656	572	596	560	622	550	606	608	616	636	672	584	662	598	560	724	608	686	642	590	742	650	568	578	684	548	588	602	626	576	636	616	630	600	610	590	608	648	666	660	650	570	576	630	574	538	630	662	720	660	536	586	668	606	612	610	606	570	582	498
	618	570	522	652	614	636	612	652	604	666	596	580	636	598	638	612	636	588	522	578	626	634	594	594	618	546	604	612	664	572	582	642	606	590	582	672	656	684	568	602	586	582	666	526	626	650	688	626	574	656	566	596	558	622	544	606	606	616	636	670	588	654	598	560	724	608	686	642	590	744	646	568	578	682	544	588	598	628	572	646	616	634	602	608	590	608	648	666	662	650	570	570	628	574	542	630	668	720	658	536	586	672	606	610	606	608	570	582	498
	612	574	522	654	616	636	610	654	598	662	578	580	636	600	642	612	634	588	526	582	634	634	592	594	622	546	598	606	664	572	568	638	604	592	590	672	654	686	568	600	588	578	666	530	624	652	688	628	574	654	554	596	552	622	544	608	606	618	636	670	582	652	596	560	724	608	684	642	586	742	646	568	570	682	556	586	600	628	568	634	614	632	602	608	586	608	640	666	664	650	570	572	628	574	544	632	658	718	660	536	586	668	606	610	604	602	572	582	500
	616	570	520	654	616	638	610	654	600	662	582	580	636	600	636	614	632	588	522	570	628	634	594	594	612	544	600	606	656	572	574	638	604	590	584	672	654	684	564	604	582	578	666	522	622	656	688	628	572	652	564	596	558	618	548	604	608	614	636	670	580	654	596	558	724	606	682	642	588	740	642	568	578	682	548	586	600	626	568	632	616	640	602	610	584	608	642	666	672	650	570	576	620	574	540	630	652	714	660	534	588	674	604	610	604	602	578	582	496
	616	570	520	660	612	636	610	660	598	660	582	582	636	598	636	616	630	588	520	580	626	632	590	594	618	548	598	610	652	572	582	638	604	588	588	672	654	688	566	606	582	580	660	518	616	650	688	626	572	652	564	596	554	618	546	606	606	614	636	670	582	652	596	558	724	608	682	642	588	738	640	568	576	676	548	586	598	626	568	634	616	624	600	608	584	608	640	666	670	650	564	566	612	574	544	628	660	712	658	534	586	670	608	610	608	598	568	582	500
	618	568	518	654	608	636	610	654	596	660	580	580	634	600	640	614	630	588	524	570	624	632	590	592	620	544	596	608	652	572	564	638	608	586	582	672	654	684	564	600	580	578	656	526	612	654	688	628	572	650	560	596	546	620	556	604	608	618	634	672	578	650	596	558	724	606	684	642	590	738	634	566	570	678	562	586	600	628	570	638	612	628	600	604	584	608	640	666	660	650	562	570	610	574	540	628	658	712	662	534	586	674	604	604	604	604	562	582	504
