	0	0	0	0	0	0	0	0	0	0	0	0	0	0	0	0	0	0	0	0	0	0	0	0	0	0	0	0	0	0	0	0	0	0	0	0	0	0	0	0	0	0	0	0	0	0	0	0	0	0	0	0	0	0	0	0	0	0	0	0	0	0	0	0	0	0	0	0	0	0	0	0	0	0	0	0	0	0	0	0	0	0	0	0	0	0	0	0	0	0	0	0	0	0	0	0	0	0	0	0	0	0	0	0	0	0	0	0	0
	1326	1354	1370	1394	1328	1384	1334	1356	1376	1344	1398	1342	1330	1326	1352	1362	1358	1358	1368	1396	1396	1358	1374	1374	1336	1384	1374	1362	1386	1336	1340	1330	1398	1386	1336	1338	1342	1324	1356	1364	1330	1346	1340	1328	1324	1344	1418	1332	1364	1370	1366	1342	1376	1362	1396	1434	1374	1384	1390	1338	1354	1400	1362	1330	1366	1310	1282	1316	1382	1428	1336	1314	1398	1336	1356	1368	1342	1324	1394	1398	1362	1350	1364	1360	1394	1342	1340	1374	1340	1316	1400	1326	1378	1372	1352	1302	1306	1316	1326	1320	1334	1334	1414	1346	1402	1342	1358	1356	1342
	988	1040	1072	1044	1044	1092	1052	1092	1062	1066	1090	1046	1052	1040	1068	1044	1044	1050	1064	1042	1088	1058	1044	1078	1022	1062	1046	1046	1078	1054	1056	1084	1090	1072	1064	1050	1050	1048	1042	1052	1020	1072	1050	1032	1020	1052	1054	1046	1068	1074	1068	1070	1074	1026	1062	1136	1058	1108	1036	1068	1070	1116	1054	1012	1086	1042	1062	1044	1046	1060	1048	1010	1034	1078	1054	1076	1100	1054	1060	1066	1076	1060	1040	1032	1100	1062	1052	1110	1066	1052	1112	1050	1078	1040	1030	1040	1066	1030	1014	1080	1094	1048	1072	1044	1120	1076	1056	1032	1006
	868	894	930	936	938	938	948	952	894	950	918	924	890	902	916	934	900	932	900	906	952	916	904	936	908	932	920	890	934	940	920	960	916	926	928	934	932	928	950	916	886	938	920	918	888	932	932	898	942	918	920	946	908	910	878	964	954	958	914	904	956	950	932	908	948	920	966	926	936	912	918	876	902	958	916	940	920	938	936	924	944	906	914	902	948	926	906	996	950	896	988	918	918	910	916	912	914	896	874	904	956	950	926	932	1008	946	926	918	870
	790	798	848	866	842	870	842	858	804	880	846	860	808	810	826	858	814	850	824	838	838	822	810	830	838	824	848	846	828	874	834	874	846	842	848	876	840	854	878	842	838	852	872	840	830	852	860	832	852	800	852	872	826	812	812	868	894	886	840	824	874	848	830	826	838	852	858	834	872	820	836	794	842	866	826	856	850	848	838	840	878	822	846	852	880	862	826	882	868	804	908	844	842	844	836	822	822	828	782	812	866	846	814	844	922	844	850	848	798
	728	744	796	808	784	816	784	792	762	834	794	792	770	774	778	796	778	798	766	788	780	786	756	748	794	774	798	798	786	800	770	812	788	784	796	844	772	826	826	790	796	792	842	784	762	796	780	772	802	722	770	824	770	746	744	798	834	836	782	780	826	788	786	764	774	804	808	772	812	756	774	770	794	828	778	808	804	770	782	788	834	778	794	794	814	810	766	820	826	788	856	800	782	796	784	774	766	770	726	746	824	816	756	788	864	782	764	784	762
	684	702	768	766	732	776	744	744	716	796	764	738	738	730	750	748	734	744	730	732	732	756	708	708	762	744	758	768	752	758	730	776	746	742	764	818	712	794	788	756	752	744	802	746	732	750	736	740	748	688	718	776	734	704	708	758	800	808	750	744	790	736	748	702	752	768	772	728	784	724	746	736	764	794	742	776	762	724	738	750	802	766	748	756	774	770	730	768	776	762	804	778	738	760	758	746	740	710	688	698	788	792	716	750	804	756	732	732	718
	666	686	734	718	698	736	726	716	698	750	728	698	720	708	716	724	708	724	698	696	704	730	678	682	722	710	710	758	734	740	694	750	708	700	752	792	676	770	758	724	732	702	768	704	706	726	704	712	726	654	686	726	688	688	668	720	746	786	710	708	750	714	702	684	724	750	740	696	754	688	714	710	756	766	714	746	736	706	696	734	770	740	724	740	724	738	702	730	742	744	774	730	694	704	740	712	710	672	668	662	770	756	674	700	742	730	690	710	696
	642	674	706	708	678	710	696	690	670	728	706	676	710	684	688	708	684	710	658	662	672	690	660	664	692	696	706	736	714	724	660	718	684	678	724	760	660	748	736	710	714	682	748	672	676	702	686	690	704	628	666	698	668	672	646	690	728	764	684	688	730	700	676	658	710	734	708	664	730	668	686	704	728	750	692	716	712	682	670	720	744	728	700	720	696	724	680	702	712	720	742	694	660	680	720	696	690	648	644	642	742	726	656	668	708	706	674	684	692
	626	668	686	678	652	692	678	666	656	702	694	654	698	670	670	692	660	696	634	636	656	674	646	640	670	682	690	710	692	706	630	700	666	652	708	732	644	724	724	700	676	662	732	654	664	686	674	660	690	608	654	674	640	652	642	672	720	738	668	674	718	684	658	650	682	726	674	634	718	648	668	692	696	734	658	700	704	662	652	702	714	710	668	708	676	698	652	656	696	702	710	668	642	652	708	682	666	622	632	634	706	698	636	648	686	680	654	656	682
	618	658	676	660	634	684	666	646	634	682	674	640	664	662	658	668	650	678	632	612	644	656	644	624	652	668	666	692	666	690	618	674	636	644	684	702	620	700	714	684	658	644	720	640	646	678	662	644	672	596	646	656	626	630	618	662	706	726	662	660	700	680	642	644	666	722	660	602	696	640	640	668	672	708	632	678	698	646	634	668	684	692	650	694	650	676	640	638	678	690	690	638	624	632	692	666	646	604	622	626	690	688	622	638	678	652	628	648	678
	604	632	668	640	628	668	656	642	628	666	652	636	640	656	648	646	638	664	630	594	628	650	638	614	646	654	652	674	644	684	608	656	620	636	668	674	606	672	704	674	638	628	704	622	640	666	646	640	662	594	630	636	620	610	608	652	682	712	650	650	690	664	624	638	646	702	650	580	688	632	636	652	664	678	620	664	684	634	632	656	674	670	636	688	638	666	628	628	648	680	668	612	610	618	680	656	634	594	616	608	664	676	610	626	658	636	608	640	672
	592	616	654	640	624	648	650	634	616	644	646	622	634	642	638	624	630	644	620	590	606	638	624	600	638	650	646	664	634	670	586	640	596	624	656	648	594	652	690	666	622	616	688	610	628	662	634	630	652	588	628	606	612	604	596	636	664	696	634	640	674	646	616	634	630	692	646	560	680	630	620	630	652	654	610	646	668	626	630	650	656	642	626	676	626	660	624	624	624	674	658	600	606	610	666	652	622	584	612	600	652	660	588	610	654	618	594	634	668
	578	606	642	634	608	630	642	614	602	634	644	608	622	632	624	616	618	624	608	580	596	626	618	582	626	644	638	652	626	664	574	614	588	596	638	642	578	638	680	662	606	606	670	608	622	656	632	628	632	584	606	588	608	584	590	628	652	684	622	634	652	636	608	626	620	684	634	548	664	624	602	624	646	636	600	644	652	616	618	632	634	634	620	672	612	652	620	616	616	654	650	586	602	602	660	638	610	570	608	594	642	648	570	608	650	604	588	632	658
	564	600	636	620	594	618	634	592	596	620	630	596	608	618	620	604	612	614	594	566	590	622	614	574	608	640	634	644	616	658	574	590	578	586	634	634	574	636	662	650	596	604	660	604	610	646	624	624	626	582	598	566	598	580	582	622	646	678	618	624	646	626	600	614	616	678	620	542	652	608	590	608	636	608	588	634	634	598	610	620	630	620	614	662	608	640	602	612	612	644	646	578	596	576	650	630	600	564	606	582	628	634	562	604	632	588	576	628	652
	552	598	626	608	584	608	626	580	592	614	618	592	598	608	620	590	600	608	586	558	588	612	610	568	604	632	626	630	606	650	568	582	570	558	628	626	572	632	654	646	590	598	650	598	604	638	622	624	618	582	596	554	580	568	574	606	638	674	618	620	640	620	596	608	614	674	616	530	648	592	586	606	620	598	586	630	626	590	608	604	626	616	606	658	604	640	592	598	598	628	638	564	588	570	640	624	600	556	606	574	616	624	554	594	620	574	572	624	648
	540	584	622	608	580	604	626	570	584	608	608	588	596	598	610	582	596	602	576	554	582	602	608	562	604	622	606	620	600	642	562	580	564	544	618	610	566	626	646	634	590	592	638	586	586	634	612	610	616	578	594	550	560	562	568	594	630	668	602	612	626	618	594	608	606	666	612	528	632	584	578	602	610	594	578	624	622	582	602	598	618	616	594	658	602	632	574	594	592	616	628	554	572	560	640	624	592	552	602	566	602	610	548	582	614	566	554	618	634
	528	578	620	602	562	594	624	560	578	598	604	580	590	588	598	580	594	590	570	548	578	602	606	550	604	622	606	614	576	640	562	578	564	534	612	596	566	622	640	622	580	586	630	582	584	632	604	604	602	578	588	550	542	546	564	590	624	662	588	606	624	598	590	602	590	658	612	522	626	574	574	596	602	586	576	620	620	582	602	594	608	614	592	654	592	624	564	580	576	608	624	546	568	552	634	602	590	546	602	564	590	598	542	570	608	564	548	612	632
	520	572	604	592	558	592	620	556	570	594	596	570	582	584	594	578	592	570	552	538	572	602	604	548	596	616	602	608	570	636	558	570	562	526	598	594	566	620	630	612	580	582	626	582	576	626	600	592	600	576	576	546	534	536	554	584	620	658	576	600	618	592	586	592	584	658	606	518	620	564	570	584	596	570	574	610	614	574	594	594	602	602	592	654	586	618	560	574	568	600	620	544	568	552	632	598	586	540	602	558	580	594	538	564	588	556	542	602	628
	514	572	602	588	550	588	616	552	566	592	592	560	570	574	592	574	586	568	544	530	570	598	604	546	592	608	592	596	562	634	546	566	556	522	590	584	560	618	628	610	576	578	624	576	574	622	592	582	596	576	562	536	522	532	548	584	620	656	568	600	618	588	580	586	580	656	600	516	610	554	556	580	592	564	568	608	612	570	578	590	600	590	592	642	580	610	558	572	558	598	616	528	566	550	630	596	576	538	600	556	572	580	536	556	586	534	540	594	620
	508	568	598	578	550	582	610	550	566	584	586	552	560	552	582	570	584	560	542	522	566	588	602	546	592	604	586	582	558	624	542	566	548	522	584	582	550	614	624	608	568	574	624	574	568	610	588	572	596	576	550	534	510	530	542	578	598	656	564	596	616	584	578	582	576	654	590	508	606	542	552	574	590	556	564	606	610	568	572	588	592	580	576	634	572	602	552	572	554	586	610	524	562	548	630	592	570	536	594	550	570	572	530	554	580	534	540	594	612
	504	568	598	572	550	580	610	534	566	584	586	550	558	548	580	570	580	558	542	520	564	584	600	540	588	594	576	574	552	618	538	566	540	520	584	580	548	610	620	602	560	570	624	568	554	602	586	564	594	576	544	526	510	526	542	574	592	656	560	592	610	582	574	578	568	654	584	508	598	536	548	572	588	550	564	600	608	566	568	578	586	580	564	632	566	600	552	558	548	586	604	518	562	548	618	584	554	534	592	546	564	568	526	554	574	520	532	594	602
	496	568	584	570	548	578	606	528	564	584	584	548	552	546	574	562	576	552	540	516	562	580	600	540	586	586	568	570	550	614	530	564	534	506	582	574	548	602	618	598	556	566	622	556	548	596	580	558	594	576	536	520	504	522	536	566	580	656	552	588	604	582	574	574	560	654	582	508	592	532	548	570	578	550	562	596	608	562	566	572	578	574	560	620	562	598	542	552	534	584	600	516	562	548	608	572	554	532	588	540	562	556	524	554	570	510	532	594	598
	492	568	582	568	540	572	598	526	554	582	582	548	546	544	572	560	576	548	538	508	562	570	596	540	582	582	564	564	546	604	526	560	526	502	582	570	546	602	616	588	554	564	614	546	544	596	574	554	588	574	524	518	500	518	532	564	570	642	552	588	598	580	574	564	558	652	580	502	582	522	548	566	576	546	560	580	608	550	562	558	574	564	556	618	554	590	530	542	530	580	596	516	562	542	606	568	546	530	586	532	560	550	522	550	560	506	532	592	596
	490	568	578	566	532	566	598	520	554	580	576	544	538	538	570	558	570	540	536	506	562	558	596	540	576	580	556	560	538	598	518	558	524	488	582	564	544	598	604	584	536	564	606	542	538	590	574	554	580	574	518	514	496	512	530	560	566	628	552	580	594	578	572	558	554	652	574	500	580	518	548	560	572	544	560	574	600	546	556	554	572	552	552	608	538	572	526	536	528	574	588	516	562	542	600	560	542	530	582	528	560	542	518	550	556	488	528	584	586
	486	568	574	564	526	566	592	518	546	580	574	544	534	534	570	548	568	532	532	498	560	556	592	538	574	580	554	548	534	590	516	556	524	480	580	560	544	598	598	578	530	560	600	540	532	588	562	550	578	574	514	514	494	510	530	556	560	620	552	580	590	576	568	548	554	652	568	498	578	506	546	556	568	542	560	568	592	540	556	546	568	546	552	606	528	558	526	524	518	570	584	512	562	540	600	560	538	530	578	516	556	538	518	548	556	486	526	582	576
	486	568	574	564	512	560	590	512	546	574	572	542	530	530	564	540	564	528	524	494	560	554	586	532	566	574	550	546	532	586	512	556	518	480	578	552	544	584	590	578	522	552	592	536	528	588	558	548	574	574	510	510	490	506	530	556	550	612	552	578	584	576	564	542	554	652	564	498	574	504	544	554	566	540	558	562	592	540	556	546	566	542	548	606	524	554	526	516	518	564	582	510	562	538	598	556	534	528	578	510	552	536	518	548	552	480	526	582	570
	486	566	574	564	508	560	584	512	544	574	572	542	528	530	564	536	564	522	508	492	560	550	586	528	566	562	538	542	532	582	510	556	508	476	576	548	538	584	580	574	518	546	590	534	528	586	558	540	572	574	508	508	490	502	528	552	542	610	552	578	582	576	564	536	554	652	564	498	570	502	542	550	564	538	552	560	584	540	550	544	564	536	544	606	524	552	522	510	514	564	570	506	562	538	588	550	532	528	578	508	550	530	518	548	546	478	526	574	566
	482	564	574	564	504	558	582	510	540	566	570	540	522	530	564	536	556	516	496	492	556	548	586	528	562	562	528	536	530	572	506	554	506	468	572	544	534	580	570	572	518	538	590	532	520	586	556	536	568	574	504	506	490	498	524	550	542	608	552	576	578	574	562	536	550	650	564	498	570	500	542	548	562	538	550	556	580	540	548	536	548	534	540	594	520	552	514	502	508	564	564	502	558	536	586	546	532	528	576	508	548	530	518	548	546	476	524	570	566
	480	564	574	564	498	550	576	508	540	560	568	536	514	530	564	536	548	510	492	490	550	544	586	528	558	560	526	532	530	564	504	554	506	466	568	538	532	578	558	568	518	536	586	530	520	586	552	534	568	572	500	506	490	490	522	544	534	606	550	572	576	574	556	534	546	648	564	498	568	500	542	548	554	538	548	554	578	534	548	534	540	532	540	586	520	550	512	498	506	564	560	502	558	534	586	538	532	522	574	508	546	528	518	546	538	474	522	570	566
	480	558	574	564	490	550	568	508	536	558	568	528	508	526	558	532	544	508	488	484	544	542	578	518	554	552	524	530	530	560	502	552	506	466	568	538	532	578	552	568	518	532	580	528	520	584	548	532	564	572	484	502	490	488	518	538	530	604	550	570	576	570	552	524	546	646	564	496	566	498	542	548	554	538	546	554	578	532	548	532	534	532	540	584	514	544	510	494	506	556	560	502	558	530	580	536	532	522	574	506	544	526	518	546	538	472	522	564	566
	480	556	568	564	486	550	564	504	534	552	568	526	502	520	558	528	542	508	488	482	544	542	570	516	548	544	522	530	528	556	498	548	506	462	568	532	532	574	546	560	514	530	572	526	516	580	546	532	558	572	480	502	486	482	514	530	526	604	550	570	576	568	544	516	544	646	562	496	562	498	540	548	552	536	544	550	578	532	546	532	532	524	534	574	514	540	506	492	506	554	560	500	558	524	580	536	532	520	568	504	542	526	518	546	536	470	522	564	560
	478	554	566	564	486	546	562	502	532	548	566	524	500	520	558	526	542	508	488	480	536	540	570	512	548	542	516	528	526	554	496	548	502	456	568	530	528	572	542	560	512	530	568	524	516	576	546	528	556	572	474	502	486	480	508	524	512	602	550	568	572	564	542	516	544	644	560	496	558	498	534	548	552	536	544	550	574	524	546	530	530	518	530	568	512	536	502	488	504	552	558	500	556	524	578	532	530	520	566	502	542	526	518	542	532	460	522	560	560
	470	546	566	562	484	546	562	500	530	546	560	520	500	518	556	522	538	502	488	478	534	532	556	512	546	542	516	524	526	546	496	548	500	454	568	528	524	568	540	556	506	530	566	524	516	568	544	528	556	572	468	496	484	476	508	520	500	598	550	564	572	556	540	514	544	644	560	496	554	498	534	548	550	534	544	548	564	520	546	526	530	516	526	566	508	534	498	486	500	546	558	498	556	520	574	532	526	518	564	502	542	526	518	536	532	456	516	556	558
	468	544	566	562	478	544	562	496	530	544	554	520	500	512	554	522	534	502	488	472	530	528	552	512	546	542	516	516	526	544	496	548	496	454	564	526	524	566	540	556	506	528	556	522	516	566	544	526	554	572	468	494	484	476	504	520	494	596	550	562	570	556	540	512	544	644	560	496	554	496	534	548	544	534	544	548	560	512	546	524	526	516	526	566	504	534	498	484	498	546	556	498	556	520	572	528	518	518	558	500	536	526	518	536	532	454	516	556	558
	468	542	562	560	476	544	562	494	526	544	550	518	496	504	552	520	526	502	488	470	528	528	550	512	546	536	512	510	526	542	492	544	496	446	560	526	524	560	540	556	506	528	554	518	512	562	544	518	552	572	468	494	482	474	502	514	494	590	550	562	570	554	538	512	544	644	560	496	552	496	534	548	544	532	544	548	554	510	546	518	514	514	516	560	504	526	498	480	498	544	556	498	556	518	570	528	514	516	556	500	534	524	518	536	530	454	512	556	552
	464	542	558	560	472	544	562	492	524	544	546	518	496	502	552	516	524	502	488	468	520	528	544	510	546	534	510	508	526	540	490	542	492	438	556	522	516	556	540	556	506	528	554	514	506	562	544	516	552	568	468	494	482	472	502	514	490	588	548	558	570	554	532	512	544	642	560	496	552	496	534	544	544	528	544	544	554	508	546	518	510	514	516	554	502	520	496	478	498	540	556	498	556	516	566	526	508	512	556	498	534	522	518	534	530	448	510	556	546
	462	540	556	556	464	544	560	486	522	538	540	518	496	502	540	514	520	502	488	468	518	528	544	510	546	534	510	502	526	538	490	540	490	436	552	520	516	556	540	556	502	528	554	510	506	558	544	514	544	562	468	494	482	470	496	510	490	588	548	556	570	554	528	512	544	640	560	496	552	496	534	544	536	526	536	540	554	504	546	516	510	512	516	554	502	516	494	476	496	534	556	498	552	512	566	524	506	510	550	498	534	518	514	534	530	444	508	556	544
	458	540	556	554	464	544	560	484	520	534	538	518	496	496	536	514	520	502	488	464	516	528	542	510	546	532	508	496	526	536	486	538	490	436	552	516	516	556	540	556	500	528	552	508	504	548	544	514	532	562	468	494	476	470	494	510	478	588	548	554	570	554	520	512	544	640	560	496	550	492	530	542	524	526	536	540	552	502	544	508	508	510	514	554	502	514	492	474	496	534	554	494	550	510	562	522	506	510	550	498	534	516	514	532	530	436	508	556	542
	456	534	550	554	464	544	560	478	518	534	534	516	496	492	536	514	520	502	488	462	516	528	540	510	542	528	508	488	526	536	484	538	490	434	550	516	514	556	538	556	500	526	552	508	504	548	544	512	528	558	468	490	472	470	490	508	472	584	548	550	570	550	516	512	542	640	560	496	550	488	530	542	522	526	536	538	552	502	544	506	508	506	512	554	500	514	492	474	496	534	550	494	550	508	556	520	502	510	548	498	532	514	512	528	530	430	508	556	538
	456	528	548	554	464	544	556	476	518	534	534	510	496	490	532	514	520	502	488	458	514	528	538	510	540	526	506	488	526	534	482	536	490	434	548	514	514	552	534	550	498	526	550	508	502	544	544	512	524	556	466	490	470	468	490	508	470	582	548	550	570	548	514	512	542	638	558	496	550	484	530	542	520	526	534	534	550	500	544	498	508	504	512	554	500	514	492	474	496	534	548	494	550	504	554	518	502	510	544	498	532	512	512	526	530	428	508	554	534
	456	528	548	550	464	542	556	472	518	528	528	510	494	490	530	510	520	500	488	456	514	522	538	510	540	522	506	486	526	534	482	536	490	434	548	514	514	550	530	550	496	520	546	506	502	544	544	512	518	556	462	490	468	466	490	508	468	582	548	546	570	540	506	512	542	636	558	494	550	484	526	542	520	526	534	532	550	500	544	498	506	502	512	552	500	514	492	474	496	534	538	494	550	498	542	516	498	508	544	498	532	512	512	526	530	428	506	554	528
	456	528	548	550	464	542	554	472	518	520	528	504	490	488	530	508	520	500	488	454	510	520	536	510	540	514	506	480	526	526	482	536	490	432	546	512	512	550	530	548	494	520	542	506	502	542	544	512	516	556	462	490	466	462	486	506	466	582	548	546	570	534	504	506	540	636	558	490	550	484	524	542	518	526	526	530	548	500	542	496	506	502	510	552	500	514	492	470	496	534	534	494	550	490	540	510	496	504	542	498	532	512	510	524	530	422	502	554	522
	456	522	548	546	462	536	554	470	518	518	528	504	490	482	530	504	520	496	488	454	502	514	534	510	540	510	506	478	526	524	482	536	490	426	540	512	512	548	528	548	494	520	540	498	502	542	544	506	514	554	460	490	462	458	486	506	462	580	544	542	568	526	498	506	540	632	558	490	550	484	522	540	514	524	520	526	548	500	540	496	506	500	510	552	500	512	492	470	496	534	530	494	550	488	538	510	494	504	542	498	530	512	508	524	530	422	502	550	520
	456	522	546	544	462	536	554	468	518	516	526	504	490	482	530	502	520	496	488	454	498	514	534	510	540	502	506	476	526	518	482	534	490	422	538	512	512	548	528	548	494	520	540	492	500	542	544	506	510	554	460	490	462	458	486	506	462	580	542	542	566	526	496	506	540	632	558	490	550	484	518	536	512	524	520	524	542	500	538	496	506	500	504	552	500	512	492	470	496	534	528	494	550	488	534	508	494	504	542	498	530	510	506	524	530	422	502	544	520
	456	520	544	544	462	534	554	468	518	516	524	504	490	480	530	498	520	494	488	452	488	514	532	506	540	502	506	476	526	518	482	532	488	422	538	508	508	544	528	548	494	520	540	492	498	542	540	504	504	554	460	490	462	458	484	502	460	574	540	540	564	524	492	504	540	632	558	490	550	482	518	532	508	524	520	520	542	498	538	496	504	500	502	550	500	512	490	470	496	534	526	494	542	488	530	508	494	504	542	496	528	510	506	524	530	422	502	536	520
	454	514	544	538	462	534	554	468	516	514	524	504	490	480	530	498	520	494	488	450	482	514	530	506	536	494	504	476	526	514	482	532	488	422	532	508	508	542	528	548	494	518	538	486	498	542	536	504	504	554	458	490	462	458	484	500	458	574	538	540	564	524	492	502	540	632	554	490	544	482	518	532	504	524	518	514	542	498	538	496	498	500	502	550	500	510	490	470	496	534	526	494	540	488	528	506	492	502	542	492	528	510	506	524	530	416	502	534	520
	450	514	544	534	462	534	554	464	514	510	524	504	488	478	530	494	520	494	488	444	480	514	526	506	536	486	504	474	526	512	482	532	488	422	532	506	504	534	528	546	494	514	534	484	498	540	532	502	502	552	458	490	462	458	484	498	458	574	536	540	564	522	492	502	540	632	552	490	544	482	518	530	504	516	518	506	538	498	538	496	492	498	500	550	498	510	490	470	496	534	522	492	536	488	524	506	486	502	542	492	526	506	506	522	530	412	502	534	520
	450	514	542	532	462	534	554	462	514	498	522	502	488	476	530	492	520	494	488	442	478	514	526	504	534	484	504	472	524	512	482	532	488	422	530	506	504	532	528	546	492	510	532	482	498	540	530	498	500	552	458	490	462	458	484	498	458	572	534	536	564	522	492	502	540	630	550	490	544	482	508	530	504	510	518	506	536	496	536	490	482	496	500	548	498	510	490	470	494	534	520	490	536	488	520	504	486	502	542	490	526	504	506	520	530	410	502	534	520
	450	512	540	532	462	532	552	462	512	496	522	500	488	476	530	492	520	494	488	442	474	514	524	504	530	484	504	460	524	512	480	532	488	422	530	504	504	530	528	544	490	510	528	482	498	540	528	498	500	552	458	490	462	458	484	498	458	568	532	534	562	518	484	502	540	628	548	486	540	480	508	522	504	508	516	500	534	492	536	490	480	494	500	548	498	510	488	470	494	532	520	490	534	488	516	500	482	502	538	486	524	502	506	518	528	408	502	534	518
	448	512	540	522	462	528	552	460	510	492	520	500	488	474	528	490	520	492	488	442	472	514	524	504	530	478	504	458	522	512	480	530	488	422	530	504	504	530	524	540	488	508	522	482	498	540	528	498	500	552	458	490	460	458	484	498	458	568	532	534	558	516	484	502	540	628	548	484	536	480	508	520	504	504	516	500	534	490	534	486	478	494	498	548	498	510	486	468	494	526	518	490	530	486	514	500	474	502	538	484	524	502	506	518	528	408	500	534	518
	448	510	540	520	462	528	552	460	510	492	520	498	488	470	524	490	520	492	488	442	470	512	524	504	530	476	502	456	522	506	480	530	486	422	530	500	502	530	524	538	488	508	520	482	496	540	528	498	500	552	458	488	460	456	480	498	458	566	532	534	558	516	484	502	534	628	548	482	534	480	508	510	502	504	516	494	534	486	534	486	476	494	496	548	498	510	486	466	492	526	516	490	528	484	512	500	474	502	538	484	524	502	506	516	528	408	496	534	518
	448	510	540	520	462	524	552	460	508	492	518	498	486	470	522	486	520	492	488	440	470	512	524	504	528	474	502	454	522	506	480	530	486	422	530	500	500	530	522	538	488	508	518	480	490	540	526	498	498	552	458	484	460	454	480	498	458	566	532	532	558	516	484	498	532	628	548	482	528	480	508	508	502	502	516	490	534	484	532	484	476	494	492	548	496	508	484	464	490	526	516	490	524	480	510	500	474	502	538	484	524	502	506	514	528	404	496	530	516
	448	510	540	516	462	522	552	460	506	492	518	498	486	470	522	482	520	492	488	438	470	512	522	504	528	472	502	450	522	504	480	530	486	422	530	500	498	530	522	536	484	508	516	480	490	540	526	498	494	552	456	482	460	454	480	498	458	566	532	530	558	516	484	498	532	622	548	482	528	480	502	502	502	500	514	488	534	484	532	482	476	494	488	548	496	508	480	460	488	524	510	488	524	480	510	500	472	500	538	484	524	502	506	514	526	404	496	530	516
	446	510	540	516	462	522	548	456	506	492	518	494	484	470	522	482	520	492	488	438	468	512	522	502	526	472	502	450	522	504	472	530	486	422	530	500	498	530	522	534	484	506	516	478	490	540	526	498	494	552	456	482	460	454	478	498	458	566	530	526	558	514	484	496	532	620	546	482	520	480	502	500	498	498	514	488	532	484	530	480	472	494	488	548	494	508	476	460	482	524	508	486	520	480	508	500	472	498	538	484	522	502	506	508	526	404	496	530	516
	446	508	540	516	462	518	544	456	504	492	518	494	484	470	522	482	520	492	488	438	464	508	522	502	526	472	502	448	522	504	464	530	482	422	530	500	498	528	522	534	484	502	516	478	490	540	526	498	492	546	456	482	458	454	478	494	458	564	530	526	556	514	484	496	530	614	546	482	518	480	500	496	498	496	514	488	532	484	528	472	472	494	484	548	494	508	474	460	478	524	504	484	520	478	508	500	472	498	538	484	522	500	506	506	526	402	496	530	516
	446	508	540	516	458	516	544	456	504	492	518	492	474	466	522	482	516	492	486	438	464	508	522	502	526	472	502	448	522	502	464	530	482	420	528	500	498	528	522	532	484	502	512	478	490	540	526	498	492	544	456	480	458	454	478	494	458	564	528	518	554	514	484	496	530	614	544	482	518	480	498	490	498	496	512	488	528	484	526	468	468	494	486	548	494	506	474	460	472	524	500	484	520	478	508	498	472	498	538	482	522	500	506	502	526	402	496	530	514
	446	508	540	516	458	516	544	456	504	490	516	490	470	466	522	482	514	492	486	438	464	508	522	502	526	470	502	448	522	502	462	530	476	420	526	500	498	528	522	532	484	502	510	478	490	538	526	498	492	544	454	480	456	454	478	494	456	564	528	518	554	512	478	494	530	614	544	480	516	480	498	488	498	494	512	486	528	480	524	468	462	494	484	548	494	504	472	460	472	520	498	484	518	478	508	498	472	496	538	482	522	500	506	494	526	402	496	530	512
	446	508	536	516	458	516	542	456	504	490	516	490	470	466	522	482	510	492	486	438	464	506	520	502	524	466	502	448	522	502	462	530	476	420	526	500	496	524	522	532	484	498	510	478	490	538	524	498	492	544	452	480	456	454	478	488	454	564	528	518	554	510	478	494	530	614	544	478	508	480	498	488	498	492	512	486	522	478	524	466	460	494	486	548	494	504	466	460	472	516	496	480	518	476	508	496	472	494	538	482	522	500	506	494	524	402	496	530	512
	446	508	536	516	458	516	540	454	504	488	514	490	468	466	522	480	510	490	486	438	464	504	516	502	524	462	502	446	522	502	456	530	476	420	526	500	490	522	522	532	484	496	510	478	490	534	522	498	492	544	452	480	456	454	472	488	454	564	528	516	554	510	478	490	530	612	544	476	506	480	498	486	498	490	512	486	522	478	524	462	458	494	486	546	494	504	464	460	472	516	492	480	518	474	508	494	472	494	538	482	522	500	506	492	522	402	496	528	512
	446	508	536	516	458	516	538	454	504	486	514	490	468	466	522	480	510	490	486	438	464	504	516	502	524	462	502	446	522	500	454	530	476	420	522	494	490	522	522	526	484	492	510	478	490	532	522	498	492	538	452	480	456	454	472	488	452	564	526	510	554	510	478	490	530	612	532	476	506	480	498	486	498	490	512	486	522	478	524	458	458	494	486	546	494	504	464	460	472	512	484	480	518	474	508	494	468	494	536	482	520	500	506	492	522	402	496	528	512
	446	508	536	514	458	516	528	454	504	482	514	490	468	464	522	480	510	490	486	438	464	504	516	502	524	462	502	446	522	498	454	530	476	418	520	492	490	516	522	526	484	492	506	478	490	532	522	498	492	532	450	480	456	454	472	486	444	564	526	508	554	510	478	490	528	612	532	474	506	480	496	484	498	490	512	484	522	478	522	456	458	494	486	546	494	504	462	460	472	510	480	476	518	474	508	494	468	494	536	482	518	500	506	490	522	402	494	522	512
	446	506	536	512	458	516	524	454	504	482	514	490	468	462	522	480	510	488	486	438	464	504	516	502	524	462	502	446	522	498	452	530	476	416	520	492	488	512	522	526	484	492	506	478	490	532	522	498	492	530	450	480	456	450	472	486	440	564	524	506	552	510	478	490	528	612	530	472	506	480	496	484	498	490	512	484	522	476	522	456	456	494	484	546	494	504	460	460	468	508	480	474	518	474	508	492	462	494	536	482	516	500	506	490	520	402	494	518	512
	444	506	536	512	458	516	520	454	502	482	514	490	468	462	522	480	510	488	486	438	464	500	514	502	524	462	500	446	522	498	452	528	476	414	520	492	484	496	522	522	484	492	506	478	490	532	522	498	492	528	450	480	456	450	472	486	440	564	522	500	552	508	476	490	528	612	528	472	504	480	496	484	498	488	512	480	520	476	522	456	456	494	484	546	494	504	458	458	468	508	480	474	518	474	508	492	462	494	536	482	512	500	506	490	510	402	494	512	510
	444	506	536	510	456	516	520	454	502	482	514	488	468	462	522	480	510	488	486	438	462	500	514	502	524	462	500	446	522	498	452	528	476	410	518	488	482	494	522	522	484	492	506	478	490	532	522	498	492	528	450	480	454	450	472	486	438	560	522	500	552	502	474	490	528	612	528	472	502	480	496	484	498	488	512	480	520	476	522	456	456	494	484	546	494	504	454	458	460	508	480	474	518	474	508	492	462	492	536	482	508	500	506	490	506	402	494	512	510
	444	506	536	506	456	516	516	454	502	482	514	488	460	462	520	480	510	488	486	438	460	500	510	502	524	462	500	446	522	498	450	526	476	406	514	488	480	490	522	522	484	492	506	478	490	532	522	498	492	528	450	480	454	450	472	486	438	554	522	500	552	498	474	490	524	612	528	472	500	480	492	482	498	488	510	478	518	476	518	456	456	494	484	546	492	504	454	456	458	508	480	474	518	474	508	490	462	492	536	480	508	500	506	490	504	400	490	512	510
	444	506	536	506	456	516	512	452	502	482	510	488	460	462	520	480	510	486	486	438	456	500	502	500	524	462	500	446	522	498	450	524	476	406	512	488	480	488	522	520	484	492	506	478	490	532	522	498	492	528	448	480	454	450	472	486	436	554	522	498	552	498	474	488	520	612	528	472	500	480	490	482	498	486	510	478	516	476	518	454	454	492	484	542	492	504	452	452	456	508	480	472	518	474	508	486	462	492	536	480	506	500	506	490	504	396	490	512	506
	444	506	536	506	456	516	510	450	502	482	510	488	460	462	520	480	510	486	486	438	454	500	502	498	524	462	500	446	522	498	450	524	476	406	512	488	478	486	522	520	482	490	506	478	490	532	522	498	492	528	446	480	454	450	472	486	434	554	522	498	552	498	474	486	518	608	528	472	498	480	490	480	498	486	510	476	516	476	518	454	450	492	484	540	492	504	452	452	456	508	478	472	516	474	508	484	462	490	536	476	506	500	506	490	504	392	490	512	504
	442	504	536	506	456	514	508	450	502	482	510	488	460	462	520	480	510	486	486	436	454	500	500	498	524	462	500	446	522	496	450	524	476	406	510	488	478	486	522	520	482	488	506	478	490	532	522	498	492	528	446	480	454	450	470	486	434	552	522	498	552	498	474	480	516	608	528	470	494	480	490	480	496	486	510	474	514	476	518	454	444	492	486	538	492	504	452	452	456	508	476	472	516	474	508	484	462	488	536	472	506	500	506	490	504	392	488	506	502
	442	502	536	506	456	514	508	450	502	482	510	488	460	462	520	478	510	486	486	436	454	500	500	496	522	452	500	446	522	496	450	524	476	406	510	486	478	486	522	520	482	488	506	478	490	532	522	498	492	528	446	480	452	450	470	486	434	550	522	496	552	498	474	480	514	608	528	470	492	480	490	480	494	486	510	474	514	474	518	454	440	492	486	538	492	504	452	450	456	508	476	472	516	474	508	484	462	484	536	472	506	500	506	490	502	388	488	506	500
	442	500	536	506	456	510	508	450	502	482	510	484	460	462	520	472	510	486	486	436	454	500	500	494	522	452	500	446	522	494	450	524	476	406	504	480	478	486	522	520	482	486	506	478	490	532	520	498	492	528	446	480	452	450	470	486	430	550	522	486	552	498	474	480	514	608	528	470	492	480	490	480	494	486	510	474	512	472	516	454	440	488	484	538	492	502	452	450	456	506	476	472	516	474	512	484	462	482	536	472	506	498	506	490	502	388	488	506	500
	440	500	536	506	456	506	508	450	502	482	508	484	460	462	520	466	510	486	486	436	454	498	498	494	520	452	500	446	522	494	450	524	476	406	504	480	478	484	520	520	480	482	506	478	490	532	520	498	492	524	446	480	452	450	470	486	430	550	522	484	550	496	474	480	512	602	528	470	490	480	486	478	494	484	510	472	512	472	514	454	440	488	486	538	492	500	448	448	456	504	476	472	516	474	508	482	462	482	536	472	506	496	506	488	502	388	486	506	498
	440	500	536	506	456	506	508	450	502	482	502	484	460	462	520	464	510	486	484	436	454	498	498	492	520	452	500	446	522	494	450	524	476	406	502	480	478	482	520	520	476	480	506	478	488	532	520	498	492	522	446	480	452	450	470	482	430	550	522	484	550	496	474	476	512	598	528	470	490	480	486	478	494	484	510	466	508	468	514	454	440	488	484	538	492	500	446	446	456	504	476	472	516	474	508	482	462	482	536	472	506	496	506	488	500	388	486	506	498
	440	498	532	506	456	502	508	450	502	482	502	484	460	462	520	464	510	486	484	436	454	498	498	490	520	452	496	446	522	494	450	524	476	406	502	480	478	482	520	520	476	480	506	478	488	532	520	498	492	516	446	480	452	450	470	480	428	548	522	482	546	496	474	474	510	598	528	470	488	480	484	478	494	482	510	466	504	468	514	454	440	486	484	538	492	498	446	446	456	504	476	472	516	474	508	482	462	482	534	470	506	496	506	488	500	388	486	506	498
	440	498	532	506	456	502	508	450	498	482	502	484	460	462	518	462	510	486	482	434	454	498	498	490	520	452	496	446	522	494	450	524	476	406	502	480	478	480	520	520	472	480	506	478	486	532	520	498	492	508	446	480	450	450	470	474	428	544	522	478	546	496	474	472	508	596	526	470	486	480	482	476	494	482	510	466	500	468	508	454	440	480	482	536	492	498	446	446	456	504	476	472	516	474	508	478	462	482	530	466	506	496	506	488	500	386	486	504	498
	440	498	532	504	456	502	508	450	498	482	502	484	460	462	516	458	508	486	482	434	454	498	498	490	520	452	496	446	522	494	450	524	476	406	502	478	478	480	516	520	470	480	506	478	486	532	520	498	492	508	446	480	450	448	470	472	428	542	520	476	546	492	474	470	504	594	524	470	486	480	482	472	494	482	510	464	496	468	508	454	438	480	484	534	492	498	446	442	456	504	476	472	512	474	510	478	458	480	530	460	504	496	506	488	498	386	486	504	498
	438	498	530	504	456	502	506	450	496	482	500	484	460	462	516	458	508	486	482	430	454	498	496	490	520	452	496	446	522	494	450	524	476	406	502	478	478	480	512	520	468	478	506	478	484	532	520	498	492	502	446	480	450	448	470	472	428	542	520	476	540	488	474	470	500	594	524	470	486	480	482	470	494	482	510	464	490	468	508	454	432	480	484	532	492	498	446	438	456	504	476	472	512	474	510	476	458	480	530	460	502	496	506	488	498	386	486	504	498
	436	498	530	504	456	502	506	450	496	482	498	484	460	460	516	456	508	486	482	430	454	498	496	490	520	452	496	446	522	494	450	524	474	406	502	476	478	480	512	520	468	478	506	478	482	532	518	498	492	502	446	480	450	448	470	472	428	540	520	476	536	486	474	470	500	594	524	470	486	480	482	470	494	482	510	462	488	468	508	454	432	476	484	532	490	498	444	438	456	504	472	472	512	474	510	474	456	480	530	460	500	496	506	488	498	386	486	504	498
	436	498	530	504	454	502	502	450	492	482	498	482	460	460	516	456	508	486	482	430	454	498	494	490	520	452	496	446	522	494	450	524	474	406	502	476	478	480	512	520	468	478	506	478	482	532	516	498	492	502	446	480	448	448	470	470	428	540	520	476	530	484	474	468	500	594	522	470	486	480	482	470	494	482	510	462	486	468	508	454	430	474	482	532	488	498	444	438	456	502	472	472	512	474	510	474	456	480	528	460	496	494	506	488	498	386	486	504	498
	434	496	530	504	454	498	496	450	490	482	498	482	460	458	516	452	508	486	482	430	454	498	494	490	520	452	496	446	522	494	450	524	474	406	502	476	478	480	512	520	468	478	506	478	482	532	516	498	492	502	446	480	448	448	470	470	428	540	520	476	526	476	474	468	500	592	522	470	486	480	478	468	494	482	510	462	486	468	506	454	430	474	484	532	488	498	440	438	456	498	472	472	512	474	508	474	450	480	528	456	496	490	506	488	498	386	486	504	496
	434	494	528	500	454	496	496	450	490	482	498	482	460	458	516	452	508	486	480	428	454	498	494	488	520	452	496	446	522	494	450	524	474	406	502	476	476	472	512	520	468	476	506	478	482	532	516	498	492	496	446	480	446	448	470	470	428	540	520	474	520	474	472	468	498	592	522	470	486	480	478	466	494	482	510	462	486	468	506	454	430	474	484	532	488	498	438	438	456	498	472	472	512	474	508	474	450	480	522	454	494	490	504	488	498	386	486	504	496
	434	492	526	498	454	494	492	450	488	482	498	482	460	458	516	450	508	486	480	428	454	498	494	488	518	452	496	444	522	494	450	524	474	406	502	476	476	472	512	520	468	476	506	478	482	532	516	498	492	496	446	478	446	448	470	470	428	540	518	472	518	468	472	468	498	592	522	470	484	476	478	460	494	482	510	460	484	468	506	452	430	474	484	532	486	498	438	438	456	496	472	472	512	474	510	474	450	480	518	454	494	490	502	488	498	386	486	504	496
	434	492	526	498	454	492	492	450	488	482	498	482	460	458	514	450	508	486	480	428	454	498	494	488	518	452	496	444	522	494	450	524	474	406	502	474	476	472	512	518	464	476	506	478	480	532	514	498	492	494	446	478	446	448	470	470	428	540	518	472	510	468	472	468	498	592	522	468	484	476	478	460	494	482	510	460	484	464	506	452	430	474	476	532	480	498	438	438	456	496	472	472	512	474	512	474	450	480	518	454	494	490	502	488	498	386	486	504	494
	434	490	526	498	454	492	490	450	488	482	498	482	454	458	506	450	508	486	480	428	454	496	494	488	518	452	496	444	522	492	450	524	474	406	502	474	476	472	510	518	464	476	506	478	478	532	514	498	492	490	446	478	442	446	470	470	428	540	518	472	510	468	468	468	498	590	522	468	484	476	478	460	494	482	510	460	478	464	506	452	428	474	480	532	480	498	436	438	456	496	472	472	512	474	510	474	450	480	518	454	494	488	500	488	498	386	486	504	494
	434	490	526	498	454	492	490	450	488	482	498	482	454	456	500	450	506	486	480	428	452	496	494	488	518	452	496	444	522	492	450	524	474	406	500	474	476	472	510	518	464	476	506	478	478	532	514	498	492	490	446	478	438	446	470	470	428	540	518	472	510	468	468	468	498	590	522	468	484	476	478	460	494	482	510	460	476	464	506	452	424	472	476	530	480	498	436	438	452	496	472	472	512	474	508	474	450	480	518	454	494	488	500	486	496	386	486	504	492
	434	490	526	498	454	492	490	450	488	482	498	480	454	456	498	450	506	486	480	428	452	496	494	488	518	452	496	444	522	492	450	524	474	406	498	474	476	472	510	518	464	476	504	474	476	532	514	498	492	490	446	478	438	446	470	470	424	540	518	474	510	468	466	466	498	590	522	464	484	476	478	460	488	482	510	460	472	464	506	452	420	472	478	530	480	498	436	438	452	496	470	472	510	474	508	474	448	480	518	454	494	488	496	486	496	386	486	504	490
	434	490	526	498	454	492	488	450	486	482	498	480	454	456	498	450	506	486	480	428	452	496	494	488	518	452	490	444	522	492	450	524	474	406	498	474	474	472	510	518	460	476	504	474	476	532	514	498	492	490	446	476	438	446	470	470	424	540	518	472	508	468	466	466	498	588	522	464	484	476	478	460	486	482	510	460	472	464	506	452	420	472	476	530	480	498	436	438	452	496	470	472	510	474	502	472	448	480	518	454	494	486	496	486	490	386	486	504	486
	434	490	526	498	454	492	488	450	486	482	498	480	454	456	494	446	506	486	480	428	452	496	494	488	518	452	490	444	522	492	450	524	474	406	498	474	474	472	510	518	460	476	504	474	476	532	514	498	492	490	446	476	438	444	470	470	424	540	514	472	508	468	466	466	498	586	522	464	484	476	478	460	486	482	510	460	472	464	506	452	414	472	476	530	480	498	434	438	452	496	470	472	508	472	506	470	448	480	518	452	494	484	494	486	488	386	486	504	486
	434	490	526	498	454	492	486	450	486	480	498	480	454	456	494	442	506	484	480	428	450	496	492	486	518	452	484	444	522	492	450	524	474	406	498	474	474	472	510	518	460	476	502	474	476	532	514	498	492	490	446	476	438	444	470	470	424	540	514	468	508	468	466	466	498	584	522	464	484	476	478	460	482	482	510	460	472	464	506	452	414	472	482	530	480	498	434	438	452	496	470	470	508	472	508	470	448	480	518	448	492	484	494	484	488	386	484	504	486
	434	490	526	498	454	492	484	450	484	480	498	480	454	456	494	442	506	482	480	428	448	496	490	486	518	452	484	444	522	492	450	524	472	406	498	474	474	472	510	518	460	476	502	474	476	532	514	498	492	490	444	476	438	444	470	466	422	540	514	466	508	468	466	466	498	584	522	464	484	476	478	458	478	482	510	460	470	464	506	452	414	472	480	530	480	498	434	438	452	496	470	470	508	466	502	470	448	480	516	448	490	484	492	484	488	388	480	504	486
	434	490	526	498	454	492	480	450	484	478	498	480	454	456	494	442	504	482	480	428	446	496	490	482	518	452	484	444	522	492	450	524	470	406	498	474	474	472	510	518	460	474	502	472	476	532	514	498	492	490	444	476	438	444	470	464	420	540	514	466	508	468	466	466	498	584	522	464	484	476	478	458	478	482	510	460	470	464	506	452	414	472	478	530	478	498	434	438	452	496	470	468	508	466	500	470	444	480	516	448	488	482	492	480	486	386	480	504	484
	434	490	522	498	454	492	480	450	484	478	498	480	454	456	494	442	504	482	480	428	446	496	490	482	518	452	484	444	522	492	450	524	470	406	498	474	474	472	510	518	460	474	502	470	476	530	514	498	486	490	444	476	438	442	470	464	420	536	514	464	508	468	464	466	498	582	522	464	484	476	478	458	476	482	510	460	468	464	506	452	410	472	480	530	478	498	434	438	452	496	470	466	508	464	502	470	440	478	516	448	488	482	488	478	486	388	480	504	484
	434	490	520	498	454	492	480	450	484	478	492	480	454	456	492	438	502	482	480	428	444	496	490	482	518	452	484	444	522	492	450	524	470	406	498	474	474	472	508	518	460	474	502	470	472	530	514	498	486	490	444	476	438	438	470	462	420	536	514	466	508	468	464	466	498	582	522	464	484	476	478	458	476	482	510	460	468	464	506	452	410	472	478	530	478	498	434	438	452	494	470	466	508	464	500	468	436	478	516	446	488	482	486	476	486	386	480	504	482
	434	490	520	498	454	492	480	450	484	478	490	478	454	456	492	438	502	482	480	426	444	490	490	482	518	452	484	444	520	490	450	524	470	406	498	472	472	472	508	518	460	474	502	470	472	530	514	498	486	490	444	476	438	438	468	458	420	536	514	462	508	468	464	466	498	582	522	464	484	476	478	458	476	480	510	460	468	464	506	452	410	472	484	530	472	498	434	438	452	494	470	466	508	458	498	468	430	478	516	442	488	480	486	474	484	390	480	504	482
	434	488	520	498	454	492	476	450	484	478	490	474	454	456	492	438	494	482	480	416	444	488	490	482	518	452	484	444	520	486	450	524	470	406	496	472	472	472	508	516	460	474	502	470	472	528	514	498	486	490	444	476	438	438	468	452	420	536	514	464	508	468	464	466	498	582	522	464	484	476	478	458	476	480	510	460	468	464	506	452	410	472	480	530	468	498	434	438	452	494	470	466	508	460	504	468	430	478	516	442	486	480	482	472	484	388	480	504	482
	434	486	520	498	454	492	474	450	484	478	488	474	454	456	492	438	490	482	480	416	444	488	490	482	518	452	484	444	520	486	450	524	470	406	496	472	468	470	508	514	460	474	502	470	472	528	514	498	486	490	444	476	438	438	468	452	420	536	512	460	506	468	464	466	498	580	522	464	484	476	478	458	474	474	510	460	466	464	506	452	410	472	472	530	466	496	434	438	452	494	466	466	508	458	500	468	430	478	516	442	484	480	482	472	484	388	480	504	482
	434	486	520	498	454	492	474	450	484	478	486	474	454	456	492	438	490	482	480	416	444	486	490	482	518	450	484	444	520	486	450	524	470	406	496	468	468	470	508	514	460	474	502	470	472	528	514	498	486	490	444	476	438	438	468	452	420	532	512	460	506	468	464	466	498	576	522	464	484	476	478	458	472	472	510	458	466	458	506	452	410	472	472	530	466	496	434	438	452	492	464	466	508	458	498	466	426	478	516	442	484	480	482	472	484	388	480	504	482
	434	484	520	498	454	492	474	450	484	478	486	474	454	456	492	438	490	482	480	416	444	486	490	482	518	448	484	442	520	486	450	524	470	406	494	468	468	470	508	514	460	474	500	470	472	528	514	498	482	490	444	476	438	438	468	452	420	532	512	464	506	468	464	466	498	574	522	464	484	476	478	458	472	472	510	458	466	456	506	452	410	472	478	530	466	496	434	438	452	492	464	464	508	460	500	460	426	478	516	442	484	480	482	472	484	386	480	504	482
	434	484	520	498	454	492	474	450	484	478	486	474	454	456	492	436	490	482	480	416	444	486	490	482	512	448	484	442	518	486	450	524	470	406	490	468	468	468	508	514	458	474	500	470	472	528	514	498	482	490	444	476	438	438	468	452	420	532	512	462	506	468	464	466	498	574	522	462	484	476	478	458	472	472	510	458	466	452	506	452	410	472	474	524	466	494	434	438	452	492	462	464	508	462	502	460	426	478	516	442	482	480	482	470	484	388	480	504	482
	434	480	520	498	454	490	474	450	484	478	486	474	454	456	492	436	490	482	480	416	442	486	490	482	512	448	484	440	516	486	450	524	470	406	490	464	466	468	508	514	458	474	500	470	472	528	514	496	482	488	444	476	438	438	468	452	420	532	512	464	506	468	464	466	498	574	522	462	484	476	478	458	472	472	510	458	466	452	506	452	410	472	474	524	466	494	434	436	452	492	462	464	508	458	500	460	424	478	516	442	478	480	482	466	484	388	480	504	482
	434	478	520	498	454	490	474	450	484	478	486	474	454	450	492	436	490	482	480	416	442	486	490	482	512	444	484	440	516	486	450	524	470	406	488	462	466	460	508	514	458	474	500	470	472	528	514	496	480	488	444	476	438	438	468	452	420	532	512	462	506	468	464	466	498	574	522	462	484	476	478	458	472	472	510	458	466	452	506	450	410	472	474	524	466	494	434	436	452	492	460	464	508	460	500	460	424	478	516	442	478	480	482	462	484	386	480	504	482
