	0	0	0	0	0	0	0	0	0	0	0	0	0	0	0	0	0	0	0	0	0	0	0	0	0	0	0	0	0	0	0	0	0	0	0	0	0	0	0	0	0	0	0	0	0	0	0	0	0	0	0	0	0	0	0	0	0	0	0	0	0	0	0	0	0	0	0	0	0	0	0	0	0	0	0	0	0	0	0	0	0	0	0	0	0	0	0	0	0	0	0	0	0	0	0	0	0	0	0	0	0	0	0	0	0	0	0	0	0
	1150	1120	1152	1144	1128	1124	1110	1104	1092	1150	1068	1122	1112	1126	1112	1128	1114	1080	1124	1114	1154	1130	1136	1134	1120	1128	1128	1084	1070	1072	1128	1088	1102	1154	1088	1082	1108	1158	1096	1146	1116	1062	1110	1104	1090	1090	1132	1094	1106	1120	1088	1112	1108	1126	1096	1116	1064	1100	1122	1094	1104	1078	1154	1078	1134	1058	1076	1136	1126	1164	1134	1098	1122	1098	1190	1094	1108	1110	1148	1120	1062	1158	1098	1136	1120	1040	1136	1118	1078	1104	1120	1094	1138	1134	1136	1094	1128	1122	1136	1136	1114	1084	1108	1136	1110	1100	1092	1100	1126
	876	826	868	912	892	914	878	868	872	886	846	880	860	848	848	890	872	820	838	878	874	854	868	874	854	884	898	846	838	866	900	830	848	860	878	844	866	932	876	898	888	848	866	860	838	830	924	882	850	862	846	902	848	868	848	854	830	860	890	856	864	854	906	840	880	852	884	908	890	918	876	834	864	870	902	844	856	858	918	848	838	886	876	854	874	822	852	882	834	844	892	866	878	892	912	860	864	884	876	872	892	852	864	904	866	892	814	886	912
	794	712	760	798	762	758	776	762	718	752	726	784	780	742	710	764	758	720	730	780	770	742	764	770	754	770	732	752	726	760	810	730	734	774	768	740	772	818	740	776	760	750	756	758	732	730	818	748	714	744	724	794	734	746	716	746	720	728	760	768	772	760	778	730	756	770	766	802	752	768	758	706	744	752	788	732	744	738	782	740	720	772	768	750	750	732	730	748	726	766	778	758	738	782	794	726	728	764	766	742	780	748	730	770	760	798	674	804	818
	734	650	704	734	684	672	706	712	648	684	676	716	714	690	648	688	668	646	670	720	700	664	712	696	682	696	684	674	658	720	728	648	676	692	702	676	710	732	668	696	694	674	718	672	682	650	728	678	646	668	648	698	684	686	644	700	654	644	686	700	706	674	682	660	686	698	706	728	684	700	670	628	662	696	728	668	682	652	702	682	666	710	710	684	676	666	688	674	664	702	686	678	670	702	724	662	658	710	688	676	712	692	668	704	708	730	636	748	756
	650	608	658	688	628	622	670	670	602	640	652	652	652	652	622	644	644	616	632	664	656	630	668	638	644	634	648	634	604	690	670	610	628	644	656	630	654	672	640	662	646	636	678	608	652	622	668	640	624	630	600	638	642	654	606	652	610	600	630	646	656	622	646	618	660	638	652	668	646	668	626	598	630	668	686	624	648	620	638	640	646	662	668	648	634	634	636	642	630	660	620	632	632	660	676	616	624	660	636	624	678	646	634	658	682	698	588	710	722
	614	572	630	640	596	598	648	640	576	614	600	640	636	634	594	600	614	584	602	626	624	612	650	606	620	608	614	620	576	676	626	586	594	628	634	576	624	648	614	630	618	616	652	566	624	596	626	602	598	606	578	594	628	632	584	618	568	588	598	612	628	606	622	566	626	612	618	628	602	650	590	566	580	630	666	602	634	580	592	594	618	636	634	624	586	594	592	616	596	632	588	596	608	624	646	588	592	614	604	586	660	626	608	626	648	666	544	668	692
	592	556	606	632	570	578	626	608	562	598	574	600	612	614	574	578	586	574	576	600	598	574	618	586	606	586	582	604	552	654	606	570	570	606	610	544	588	616	578	622	594	584	612	544	592	552	610	592	584	582	552	554	616	604	554	596	542	576	576	576	592	586	602	534	604	578	594	594	574	622	572	556	544	618	644	578	596	564	570	562	602	616	624	606	572	560	556	586	580	616	558	550	590	590	630	574	564	582	586	552	636	600	594	592	628	640	520	656	626
	574	530	590	616	542	560	604	590	536	580	566	576	596	598	566	552	558	564	568	576	566	556	582	564	578	570	568	582	532	642	584	552	546	584	586	528	568	592	564	614	568	566	574	538	576	526	580	570	556	564	540	534	602	580	532	574	516	564	558	558	572	564	592	522	576	564	572	574	536	596	560	546	522	578	606	552	570	540	542	544	588	604	608	576	560	546	546	564	558	592	542	518	554	558	618	546	558	552	572	546	604	560	582	566	618	590	502	630	612
	568	516	576	594	526	548	586	580	522	570	552	566	590	578	554	526	540	558	560	560	546	536	560	536	556	550	548	558	522	618	564	544	520	572	568	502	546	572	544	600	554	552	550	528	556	518	574	554	544	554	522	510	586	562	524	562	510	556	540	540	548	556	574	512	550	556	558	548	520	586	558	530	508	558	584	540	546	520	526	528	580	594	586	564	534	532	532	556	554	578	530	504	544	550	606	514	542	528	540	530	570	550	574	550	594	560	492	616	580
	552	508	556	584	516	542	568	564	512	556	546	546	582	574	544	524	524	546	554	542	530	518	544	516	556	546	534	550	518	596	540	536	514	556	554	490	534	540	528	586	546	542	532	524	546	504	562	542	536	546	504	504	568	554	518	556	506	548	526	528	534	548	560	502	532	540	544	526	504	578	548	514	504	542	566	530	534	494	514	518	564	576	576	552	526	506	518	546	546	550	526	496	534	546	582	500	532	506	528	522	538	540	564	542	584	546	476	576	556
	536	498	552	584	512	540	556	552	506	552	540	528	570	566	532	520	518	524	552	530	522	502	526	502	554	528	518	544	516	582	524	512	500	538	538	474	516	532	518	584	532	530	518	512	530	496	554	540	528	536	486	500	546	540	514	550	502	532	506	526	528	540	546	490	508	526	540	516	492	570	536	508	496	530	548	524	528	482	504	502	560	558	556	544	518	498	504	536	538	542	520	484	532	542	572	482	516	494	516	510	530	512	554	530	570	528	466	554	540
	516	484	532	574	504	540	552	532	496	552	528	524	558	556	524	500	514	522	548	510	502	498	520	500	546	514	518	526	498	574	516	506	494	524	528	456	508	526	506	572	526	522	508	506	502	488	538	524	516	534	468	494	530	526	506	540	496	530	498	520	522	534	534	470	502	512	534	512	492	552	532	502	488	522	542	520	520	464	490	490	544	538	540	536	508	496	502	516	532	520	508	478	526	528	568	472	508	482	502	494	524	500	542	522	548	524	458	538	528
	498	478	520	562	500	540	542	512	490	542	522	512	544	544	510	492	510	522	544	506	488	494	514	498	532	506	514	516	486	564	506	504	486	512	518	450	498	518	496	570	520	520	502	502	492	486	524	514	516	522	456	484	526	516	502	534	488	528	486	510	516	526	528	456	496	510	528	500	488	544	522	492	478	512	532	514	516	456	488	482	528	528	534	532	494	480	486	508	530	508	500	474	516	516	558	460	500	474	496	484	508	484	534	516	536	522	458	526	518
	488	474	520	550	492	528	534	504	482	532	516	506	534	542	508	490	504	510	536	504	480	486	504	488	528	494	512	508	476	556	498	490	476	512	504	440	494	518	482	566	506	512	494	500	480	480	520	508	506	514	450	474	510	512	496	528	482	520	480	506	500	516	526	452	482	500	524	498	488	534	514	492	468	508	518	514	512	450	482	478	512	520	522	528	492	470	468	500	530	508	492	474	504	498	546	452	490	464	490	478	502	480	528	516	526	510	456	522	506
	480	466	514	546	486	524	534	486	478	528	508	496	532	532	504	478	500	502	528	498	474	480	490	482	526	488	502	508	462	542	496	486	466	504	496	440	484	508	476	560	502	502	488	498	468	478	516	502	506	506	432	468	502	508	494	528	474	516	480	506	488	514	526	444	472	496	510	490	486	524	500	492	468	506	514	504	504	446	478	474	496	512	508	526	484	466	466	496	524	508	482	474	500	498	532	444	486	456	480	472	498	476	526	512	524	502	456	518	500
	474	464	512	540	482	522	524	472	468	528	502	494	532	512	498	472	500	498	514	492	468	480	488	478	516	484	498	504	456	538	494	484	466	492	488	436	480	502	474	554	498	492	486	492	456	476	512	488	506	500	428	454	486	506	486	518	466	512	476	504	486	506	522	438	466	496	506	486	474	520	500	484	468	506	504	498	500	438	472	470	488	500	502	524	478	464	456	484	522	502	480	468	490	496	520	438	486	444	476	466	496	476	520	508	514	498	452	504	494
	466	460	506	536	476	516	522	468	464	520	494	490	526	504	494	470	494	492	510	482	464	472	484	478	508	482	498	500	456	530	494	482	460	488	486	434	476	498	472	550	498	480	476	488	454	476	510	474	506	496	426	448	476	498	484	508	460	506	476	490	484	500	514	434	462	494	502	476	472	518	498	474	468	504	504	484	494	420	466	468	484	498	502	518	476	464	448	476	520	496	470	464	488	492	514	434	484	440	472	462	494	474	520	502	506	490	448	492	490
	462	450	504	532	472	512	512	464	462	514	486	488	524	500	490	468	494	490	502	472	464	470	478	472	502	480	498	496	454	528	484	482	454	484	484	432	474	496	464	550	496	474	472	484	454	474	508	468	506	490	420	446	472	492	482	506	452	504	476	488	474	490	512	426	460	492	490	472	462	510	496	472	466	502	498	480	492	416	458	468	484	492	496	512	472	464	438	460	516	482	470	456	482	472	508	424	472	436	472	462	486	470	520	496	502	486	442	492	484
	458	446	502	526	468	512	502	452	450	514	484	486	518	488	482	466	490	490	498	468	460	466	472	468	490	480	492	486	446	524	480	478	448	472	480	430	470	494	462	548	490	468	458	482	448	470	504	462	506	480	418	444	470	492	476	502	442	502	476	488	474	478	502	418	456	488	490	472	456	506	492	472	466	498	488	480	490	412	450	468	482	488	492	510	470	462	430	456	516	482	470	452	480	470	506	418	470	432	464	460	478	470	518	492	502	484	434	482	482
	448	442	496	524	460	504	498	442	444	510	484	480	518	468	482	466	482	486	496	460	454	456	470	468	488	478	490	476	436	520	474	478	438	472	478	426	462	494	462	540	486	464	452	472	446	468	504	460	498	476	418	442	470	484	472	502	428	494	476	484	462	470	502	412	450	482	490	466	454	500	478	466	460	494	488	478	484	410	450	460	474	482	486	510	468	454	428	452	516	478	470	450	480	466	498	418	468	430	460	454	474	470	516	486	502	476	432	470	482
	444	436	492	520	456	500	498	434	436	510	484	476	514	464	480	460	480	486	490	456	450	454	462	468	488	478	488	470	432	518	472	474	426	470	478	424	462	494	462	530	480	460	448	464	442	468	492	456	492	472	416	436	464	478	470	502	424	488	474	476	454	460	492	410	440	478	488	456	450	496	466	460	452	494	488	478	474	408	444	452	470	478	482	510	462	450	426	446	510	478	470	440	476	462	498	416	464	430	458	450	470	470	516	484	498	470	424	466	478
	442	434	490	518	444	496	492	434	432	508	480	472	512	458	474	460	476	482	490	448	448	454	460	468	488	476	486	470	428	512	466	468	418	464	478	422	458	494	462	528	478	456	440	462	442	468	490	452	492	470	414	430	458	478	468	502	410	484	474	476	452	460	488	408	440	472	478	454	450	494	464	452	448	494	484	478	468	404	440	448	468	478	472	506	460	450	424	436	508	476	470	440	476	450	488	412	458	422	458	448	460	466	514	484	494	462	422	460	478
	428	434	482	516	442	496	490	426	426	508	472	472	512	456	472	458	470	482	490	442	446	454	456	468	488	476	486	466	426	510	464	464	414	462	476	420	456	494	458	526	474	454	434	462	440	468	488	452	492	470	406	426	452	476	466	496	402	474	472	476	446	450	484	404	436	470	476	450	446	490	456	452	446	492	482	476	462	398	438	448	468	472	466	500	452	446	422	434	504	474	466	432	476	442	480	408	452	418	458	448	460	466	512	476	492	458	418	454	478
	428	434	480	510	436	484	488	422	424	506	472	464	506	452	464	456	458	476	490	436	444	454	452	466	486	476	486	466	424	500	460	456	412	462	468	418	456	494	458	522	470	454	422	450	440	464	486	450	492	468	406	424	446	476	460	494	402	468	464	474	438	442	484	396	432	470	472	446	444	488	456	446	446	488	478	476	462	392	434	446	468	472	456	490	450	442	416	430	504	474	460	426	474	436	474	406	452	418	454	446	460	464	504	476	492	456	416	450	470
	426	428	478	508	434	476	484	422	422	504	470	460	502	444	460	454	452	474	484	436	444	450	452	458	486	470	484	466	422	500	460	448	412	456	466	412	454	494	458	520	468	452	420	444	440	462	484	448	490	468	406	420	444	476	460	488	400	464	464	470	438	432	478	394	430	462	472	444	438	486	452	444	442	486	476	474	462	386	432	446	468	470	442	478	450	438	410	430	500	474	452	426	466	430	464	406	450	414	452	442	458	460	492	474	492	450	414	444	468
	424	428	474	506	434	472	482	420	420	500	466	458	498	444	460	452	452	474	482	434	444	440	452	454	484	464	482	462	420	492	460	444	412	456	464	410	452	494	458	520	464	450	418	442	440	458	482	448	486	468	402	412	442	474	454	488	400	462	460	470	438	430	476	394	430	460	466	436	434	484	450	438	442	482	474	474	456	384	430	446	464	470	442	474	450	434	406	428	498	474	450	426	458	430	464	404	448	412	448	440	458	458	492	474	490	450	412	444	464
	412	428	470	506	434	472	482	420	418	500	464	458	490	444	458	452	448	474	478	426	444	440	452	454	484	456	482	462	416	492	460	440	410	452	452	406	450	494	458	518	460	450	418	442	440	456	482	448	486	462	402	406	440	472	454	488	400	448	456	470	434	428	470	390	426	456	462	434	430	484	442	434	442	478	468	472	454	378	430	444	464	464	436	472	444	430	406	426	498	474	450	422	456	430	464	400	446	412	442	436	458	458	488	474	480	442	410	440	464
	408	426	468	506	432	472	478	420	412	500	464	458	484	444	456	450	448	474	478	424	442	436	452	452	480	454	478	460	412	492	460	440	402	450	446	404	448	494	448	510	460	448	416	440	440	456	478	448	484	460	398	402	440	472	454	486	400	446	454	468	434	428	462	388	416	454	460	432	426	484	442	434	442	472	464	468	450	374	428	440	462	464	430	464	444	426	406	426	492	474	450	418	450	428	458	400	442	406	438	434	458	458	484	470	474	436	408	438	464
	404	426	464	506	432	472	478	420	412	500	464	456	482	444	456	438	442	474	478	422	438	430	452	452	476	454	476	460	412	488	460	432	398	448	438	402	444	490	448	506	458	448	416	438	436	454	474	442	482	460	398	390	438	470	454	486	400	446	452	466	428	426	462	386	414	450	456	430	424	484	436	432	440	468	462	462	448	372	422	436	462	464	426	464	442	426	406	426	492	474	450	414	444	428	452	400	440	406	432	432	456	456	484	470	472	434	404	436	458
	404	426	464	502	432	472	478	420	412	496	462	452	480	444	456	430	434	474	478	420	436	430	452	452	476	454	474	458	412	488	458	432	398	448	434	400	442	490	440	502	456	446	416	438	434	454	470	442	482	460	396	382	436	466	454	482	400	440	446	466	426	424	460	382	412	440	454	424	424	484	432	430	440	466	458	450	448	370	422	434	462	462	426	460	436	426	398	426	492	474	450	412	440	426	450	400	438	406	432	432	454	450	484	468	472	432	404	428	440
	404	426	464	502	430	472	474	412	410	496	460	450	480	444	454	426	430	474	472	414	426	430	450	450	476	452	474	458	412	484	458	428	392	448	434	400	440	488	438	500	456	446	416	430	432	454	464	440	478	452	396	380	434	464	452	474	400	436	444	466	426	424	460	382	408	436	448	422	424	484	428	426	436	466	458	440	446	370	420	434	462	456	420	458	426	426	396	426	492	474	450	410	432	422	448	398	436	406	432	430	454	450	484	464	470	432	404	420	438
	404	426	464	502	430	470	472	412	410	496	456	450	478	444	454	426	428	474	470	410	418	426	448	450	476	452	468	458	412	482	458	428	392	446	434	400	434	488	436	496	456	446	416	430	432	454	456	440	478	450	396	378	434	464	448	472	400	436	440	466	426	422	458	380	406	430	446	420	424	484	428	424	436	458	456	434	446	370	416	432	462	456	420	458	426	426	396	426	486	474	450	410	432	416	448	398	436	406	428	430	454	450	484	464	468	432	396	420	438
	402	426	462	502	430	466	472	410	410	496	450	450	474	444	452	426	428	472	468	408	414	426	448	450	474	450	466	456	410	480	456	426	390	446	432	400	434	488	430	492	456	446	412	430	432	454	456	426	478	450	394	374	432	464	446	470	400	436	440	466	426	420	458	376	402	428	442	416	422	482	428	422	436	452	452	434	446	370	416	432	462	454	418	456	426	422	396	422	484	474	450	410	432	416	446	394	436	406	426	430	450	448	482	458	468	430	396	418	436
	400	426	460	502	430	464	472	408	410	494	450	450	474	444	452	426	428	472	462	406	414	422	444	448	472	450	466	456	406	478	456	426	390	446	432	396	434	488	430	492	454	446	412	430	428	454	456	424	474	450	394	368	432	464	444	468	400	436	436	466	426	418	458	374	398	424	442	412	422	480	422	422	434	452	452	428	442	370	414	426	462	452	418	456	424	422	396	422	484	474	450	410	428	414	444	392	436	406	426	430	450	448	478	458	464	426	396	414	430
	398	426	460	502	426	458	468	408	410	494	448	450	474	436	452	426	428	470	462	406	412	420	442	448	472	450	466	456	406	478	452	426	390	446	430	396	428	488	426	486	454	444	412	430	416	454	446	424	472	448	394	368	430	464	442	462	398	434	432	464	426	418	458	374	396	420	440	406	420	476	420	422	432	452	452	428	440	368	412	420	462	452	414	456	422	422	394	422	480	474	450	410	424	412	444	392	434	406	424	430	450	448	470	458	462	426	396	410	426
	396	426	456	498	424	458	466	408	410	492	446	450	474	434	452	426	426	468	460	404	410	416	440	448	470	448	464	456	406	476	452	426	390	446	428	396	428	488	424	486	454	442	412	430	412	454	446	422	470	448	394	368	430	462	442	458	396	428	432	464	426	418	458	374	396	418	440	404	420	476	420	418	428	452	452	428	440	364	412	418	462	452	414	456	416	422	394	418	476	474	450	408	424	406	444	392	434	406	420	428	450	448	468	458	462	424	396	410	426
	392	426	456	494	422	456	462	408	408	490	442	450	470	428	448	426	424	464	460	404	408	416	438	448	468	448	464	454	402	474	452	426	390	444	428	394	426	488	422	480	454	440	412	426	412	454	446	416	470	448	394	366	426	454	442	458	396	424	432	464	426	418	456	374	396	418	440	404	418	476	420	416	424	452	452	428	438	360	412	418	462	452	414	454	416	422	394	418	474	474	450	406	424	402	442	390	424	406	420	428	450	448	468	456	462	424	396	410	424
	392	426	454	488	422	454	462	408	408	490	442	448	470	420	440	426	420	462	460	404	400	414	434	448	468	448	464	452	398	468	452	426	386	444	428	394	424	488	422	478	454	440	412	426	412	454	438	412	466	448	394	366	426	448	442	458	396	424	432	464	426	418	456	372	396	416	440	404	416	476	420	416	424	448	448	428	436	360	410	414	458	448	412	454	414	422	394	418	472	474	448	406	424	398	436	384	424	406	420	424	448	448	468	456	462	420	394	410	418
	392	426	454	488	422	452	460	408	408	484	440	448	468	414	440	426	420	460	460	404	398	410	432	448	466	448	464	452	396	468	452	426	382	444	428	394	422	488	420	464	454	430	412	426	408	454	436	410	462	448	394	366	426	448	442	456	394	420	430	464	426	418	456	372	396	416	438	402	416	474	416	414	424	448	444	428	436	358	408	414	458	448	412	452	414	418	394	418	472	474	442	406	424	394	436	384	424	406	420	424	444	448	466	456	462	416	394	410	414
	392	426	454	484	420	452	460	408	406	482	438	448	468	414	438	426	420	456	460	398	398	410	432	446	462	448	462	452	392	468	448	426	380	442	428	394	422	488	416	462	454	430	412	426	408	452	436	410	462	448	394	366	426	436	440	456	394	418	430	464	426	414	452	372	394	416	438	400	416	474	414	414	422	448	444	428	434	356	408	414	458	446	412	452	414	414	394	418	466	474	440	406	424	394	436	384	422	406	416	422	444	446	466	456	462	416	394	410	414
	390	426	450	476	414	446	458	408	406	482	438	448	468	414	438	426	420	456	460	392	398	410	428	446	458	448	460	452	392	466	448	426	378	442	428	394	420	488	416	460	452	428	412	426	402	452	436	410	460	448	390	366	422	430	440	456	392	416	426	464	426	412	452	372	394	416	438	400	416	474	414	414	422	448	444	426	434	356	408	414	458	440	412	452	414	414	394	418	462	474	440	406	424	394	436	380	420	406	414	418	440	440	466	456	460	414	390	410	414
	388	426	448	474	410	444	458	408	404	482	436	448	468	410	438	426	416	456	452	392	398	410	424	444	456	446	460	450	390	466	448	426	376	442	426	394	420	486	416	460	452	428	412	424	402	452	436	410	458	448	388	366	422	426	440	456	392	416	426	464	426	410	450	372	394	416	438	400	416	474	414	414	420	448	442	426	434	356	408	414	458	440	412	452	414	406	394	418	462	474	440	406	424	394	436	380	420	406	414	416	440	438	464	456	460	412	390	410	412
	388	426	448	474	402	444	458	406	402	482	436	448	468	408	430	426	416	456	452	390	398	410	418	442	446	446	458	446	388	466	448	426	372	442	426	394	420	486	416	456	450	426	410	422	402	452	434	402	456	448	386	366	422	426	440	454	392	416	426	464	426	408	450	372	392	414	434	398	414	474	414	412	418	444	440	424	432	356	406	412	456	440	412	452	414	402	394	418	456	474	440	406	422	394	436	378	418	406	414	416	440	438	462	456	460	410	390	410	412
	388	426	448	474	402	442	458	406	402	482	436	448	468	406	426	426	416	456	452	388	398	410	416	442	442	442	458	446	386	464	444	426	372	438	424	394	420	482	416	450	450	424	408	422	402	448	432	400	454	448	386	366	422	424	438	454	390	412	426	464	426	406	450	372	392	414	434	396	414	474	408	408	418	444	440	424	432	356	404	412	454	440	412	452	414	402	394	418	456	474	440	406	422	394	436	374	418	404	414	416	440	436	460	456	460	410	388	410	412
	388	426	448	474	402	440	456	406	402	482	436	446	462	404	426	426	412	454	452	388	398	410	414	442	434	442	454	446	386	464	442	426	368	438	422	392	420	482	416	450	450	424	408	420	402	446	432	400	454	448	380	366	422	422	438	454	390	412	426	462	426	404	450	372	392	414	434	394	414	474	408	408	418	442	440	424	432	356	404	410	454	440	412	452	414	402	394	418	456	474	436	406	422	394	436	366	418	404	414	414	440	436	456	456	458	410	388	410	412
	384	426	446	474	402	436	456	406	402	482	436	444	462	402	426	426	410	454	452	388	394	410	414	442	430	442	454	444	382	464	438	426	368	436	422	392	418	482	416	450	450	424	408	418	396	446	432	400	454	448	376	362	416	420	436	450	390	412	426	462	426	404	446	372	392	412	434	392	410	474	406	400	418	440	440	424	430	356	404	410	452	440	410	452	414	400	394	418	456	474	436	404	420	394	436	360	412	404	414	410	438	436	454	452	456	410	388	408	412
	384	426	446	472	402	436	454	406	402	478	436	444	462	402	420	424	408	454	450	386	392	410	414	442	428	442	454	442	380	464	438	424	368	434	422	392	416	482	416	448	448	424	408	418	396	446	432	398	454	448	376	362	416	420	432	440	390	408	426	462	426	404	446	372	392	412	434	392	410	474	406	396	418	438	438	424	430	356	402	402	450	440	404	452	414	396	394	416	450	474	436	404	418	394	434	358	408	404	414	410	436	434	452	452	456	408	388	408	412
	382	426	446	470	402	434	452	406	402	478	436	444	462	402	418	424	406	454	446	386	388	408	414	442	424	442	454	438	378	464	438	424	366	434	422	392	412	480	416	444	448	424	408	418	396	444	432	398	454	448	376	362	416	418	428	438	390	408	426	462	426	400	446	372	392	412	434	392	408	474	406	394	414	438	436	420	426	356	402	402	448	440	402	452	414	396	394	414	448	474	436	404	418	394	434	358	406	404	414	410	434	432	448	452	456	408	388	408	406
	382	424	446	468	402	432	452	406	402	478	436	444	460	402	418	424	404	454	446	386	388	408	412	438	424	442	454	436	374	462	438	424	366	434	422	392	412	478	414	444	446	422	408	414	396	442	428	398	452	448	376	362	416	418	428	438	390	408	426	458	426	398	446	372	390	412	434	392	408	474	406	392	410	438	436	416	426	356	402	402	446	440	400	452	414	394	394	412	448	474	436	404	418	394	434	354	406	404	414	404	434	432	442	450	456	408	388	408	406
	382	422	446	468	402	430	452	406	402	478	436	444	460	402	418	424	404	454	446	386	384	408	412	436	424	438	454	434	366	460	438	424	366	434	422	392	410	476	412	438	440	422	408	412	394	438	424	392	452	448	372	362	414	418	428	436	390	408	426	452	426	396	446	368	390	412	434	392	406	474	404	386	408	436	436	416	426	356	402	402	440	440	400	452	414	390	394	412	446	472	434	402	418	394	434	354	406	404	414	404	434	432	442	450	456	408	388	408	402
	382	418	442	468	402	430	452	406	400	478	432	444	460	400	418	424	404	452	446	386	384	408	412	436	424	438	454	434	366	454	438	424	366	434	422	392	408	474	412	436	436	422	408	410	390	438	418	390	452	448	372	360	414	418	428	436	390	408	426	452	426	396	446	366	388	412	432	392	406	474	402	386	408	434	434	414	422	356	402	402	440	438	398	450	414	386	394	412	446	472	430	402	418	392	434	354	406	404	410	404	434	432	442	450	456	408	388	408	398
	382	418	440	466	402	430	452	406	394	478	430	444	460	398	418	424	402	452	446	382	382	408	412	430	424	436	454	434	366	454	438	424	362	432	420	390	404	474	410	432	434	422	406	408	384	438	416	390	452	448	372	360	414	418	426	436	390	408	426	452	426	396	444	366	388	412	432	390	406	474	402	386	408	434	434	414	418	356	402	402	436	438	396	450	412	386	394	412	446	472	426	400	418	392	434	354	406	404	410	404	434	432	442	448	456	408	388	408	398
	382	418	440	464	402	430	450	404	394	478	430	444	460	398	418	424	402	452	442	372	382	408	412	428	424	436	454	434	364	454	438	424	360	432	418	390	404	474	410	432	432	416	406	406	382	438	414	390	452	448	372	360	414	418	424	436	388	408	426	452	426	396	444	366	388	412	432	390	406	474	400	386	408	434	434	414	418	356	402	402	430	438	396	448	412	386	394	412	446	472	426	392	416	392	434	354	406	404	410	404	430	432	442	446	454	408	388	408	398
	382	416	440	460	402	430	450	404	394	478	426	444	460	398	416	424	402	450	442	366	382	408	412	428	424	436	454	434	364	454	438	424	360	428	416	388	402	470	406	432	428	416	406	406	382	438	412	390	452	448	372	358	414	418	424	434	388	406	426	450	424	396	444	366	388	410	432	390	404	474	400	386	408	434	434	414	418	356	400	402	428	438	394	448	412	386	394	412	446	470	426	392	414	392	432	354	402	404	410	404	430	432	442	446	454	408	388	408	398
	382	416	440	460	402	430	448	404	394	478	426	444	460	398	416	424	402	444	442	366	382	408	412	428	420	436	454	432	362	450	438	424	360	428	416	388	396	468	406	432	426	416	406	406	380	438	410	390	452	448	372	356	414	418	424	432	388	402	424	450	420	394	444	366	388	408	432	390	404	474	400	386	408	434	434	414	418	356	400	402	428	436	394	440	412	386	394	412	446	468	426	392	412	392	432	354	402	404	410	404	430	432	442	446	454	406	388	408	396
	382	416	440	460	400	430	448	402	394	478	424	444	460	398	416	424	400	442	442	362	382	408	412	428	420	434	454	432	356	448	436	424	358	428	414	388	392	468	406	432	426	414	404	402	376	438	404	390	452	448	368	354	414	416	422	430	388	398	418	450	420	394	444	366	388	406	432	390	404	474	400	382	408	434	434	414	418	356	400	402	428	436	392	438	412	382	394	412	446	468	426	392	412	392	432	352	402	404	408	404	430	432	442	446	454	406	388	408	396
	382	416	440	460	400	430	448	402	394	478	424	444	460	398	416	424	396	442	442	362	382	408	412	428	418	434	454	432	354	448	436	424	358	428	412	388	392	466	406	432	426	414	404	402	374	438	404	390	452	448	368	354	414	414	422	430	388	396	418	450	420	394	444	366	388	404	432	390	404	474	400	382	408	434	434	412	418	354	398	402	424	436	392	438	412	382	394	412	446	468	426	392	412	392	432	352	402	404	408	404	428	432	440	446	454	406	388	408	396
	382	416	438	454	400	430	442	402	394	478	424	444	458	398	416	424	394	442	438	362	382	408	412	428	418	432	454	432	354	448	434	424	358	428	412	388	392	464	406	432	426	414	398	400	374	438	404	390	452	448	368	352	414	412	420	430	388	396	418	448	416	394	444	366	388	404	432	390	404	472	400	382	408	434	432	412	416	354	398	400	424	436	392	436	408	382	394	412	446	468	424	392	412	392	432	352	400	404	406	404	426	432	436	446	454	404	388	408	396
	376	416	430	454	400	430	440	402	394	478	424	444	458	394	416	424	394	440	438	362	382	408	412	428	416	432	454	432	352	448	434	424	358	426	412	388	388	460	406	432	426	414	398	398	372	438	404	390	452	448	368	350	414	412	420	430	388	396	416	448	414	392	444	366	388	404	432	390	402	470	400	382	408	434	428	408	416	354	398	400	424	436	390	434	408	382	392	412	446	468	424	392	412	392	432	350	400	404	406	404	426	432	436	446	454	404	388	408	396
	374	416	430	452	398	430	440	402	394	478	424	444	456	394	416	424	390	438	438	362	380	408	410	428	416	432	452	432	352	446	432	424	358	426	410	388	388	458	406	430	426	414	398	398	372	436	404	390	452	448	368	350	414	412	420	430	388	396	414	448	414	392	444	366	386	404	432	390	400	468	400	382	408	434	426	408	416	354	398	400	424	436	390	434	408	382	392	412	446	466	420	392	412	392	432	350	400	404	404	404	426	432	434	446	454	404	388	408	396
	374	416	428	452	398	430	440	402	394	478	424	444	456	394	416	424	390	436	438	360	380	408	410	428	416	432	448	432	352	446	432	424	358	426	410	388	388	454	404	430	426	414	394	398	372	436	404	390	452	448	368	348	414	412	420	430	388	396	414	444	414	392	444	366	386	404	432	390	400	462	400	382	408	434	422	408	416	354	396	396	424	436	390	434	408	382	390	412	442	466	420	392	410	390	432	350	400	404	402	404	426	432	430	446	454	404	388	408	394
	374	416	426	452	396	428	440	402	394	478	424	444	456	392	416	424	390	436	438	360	380	408	410	428	416	432	448	430	352	446	432	424	358	426	410	388	388	450	404	430	426	414	390	398	372	436	404	388	452	448	366	344	414	412	420	430	388	396	412	444	408	392	444	366	386	404	432	390	400	462	400	380	408	434	422	408	412	352	394	396	424	436	390	430	408	382	390	410	442	466	420	392	406	390	432	350	400	404	402	404	426	432	430	446	454	404	388	408	392
	374	416	426	452	396	428	436	400	394	478	424	444	456	390	416	424	390	436	438	360	380	408	410	428	416	432	448	430	352	446	424	424	358	426	410	388	388	444	404	430	424	414	390	398	370	436	404	388	450	448	366	344	414	412	420	430	386	396	412	440	408	392	442	366	386	404	428	390	400	456	400	380	408	432	420	408	412	348	394	396	422	436	390	430	406	380	390	410	442	466	420	392	406	390	426	350	400	404	402	404	424	432	428	446	454	402	388	408	392
	372	416	422	452	396	426	436	400	394	478	424	444	456	390	416	424	388	436	436	360	380	408	406	428	416	432	448	426	352	446	422	422	356	422	410	388	384	444	404	430	424	414	390	398	370	436	404	382	448	448	366	344	414	412	420	430	386	396	412	440	408	392	440	364	386	404	426	390	400	456	400	380	408	430	420	408	410	346	394	396	422	436	390	428	406	380	390	410	442	466	420	392	406	390	424	350	400	402	402	404	424	428	420	446	454	402	388	408	392
	372	416	420	450	396	426	434	400	392	478	424	444	456	390	416	424	388	434	436	360	380	408	404	428	416	430	448	424	352	446	422	420	356	420	410	388	384	440	404	430	424	414	390	398	370	436	402	382	448	448	366	342	414	412	420	430	386	396	412	440	408	392	438	362	386	404	426	390	400	456	400	380	408	430	420	408	410	346	394	396	422	436	388	426	406	380	390	410	442	466	420	392	406	388	424	348	400	402	402	404	424	428	416	446	454	402	388	408	392
	372	416	420	450	396	426	434	400	390	478	424	444	456	390	416	424	388	434	436	360	378	408	404	428	416	428	448	422	352	446	422	420	356	420	410	388	382	434	404	430	424	414	388	398	370	436	400	382	448	448	366	342	414	410	420	430	386	396	412	440	408	392	434	362	386	404	426	390	400	456	398	380	408	430	416	404	408	346	394	396	422	436	388	426	406	380	390	410	440	464	420	392	406	386	420	348	400	402	402	404	422	428	416	446	454	402	388	408	392
	372	416	418	450	396	426	434	400	388	478	424	440	456	390	416	424	388	434	436	360	378	408	404	428	416	428	448	422	352	446	422	420	356	420	410	388	378	434	404	430	424	414	386	398	370	436	400	382	444	448	364	342	414	408	420	430	384	394	412	440	408	392	434	362	386	402	426	390	400	456	398	380	408	430	416	404	408	346	394	396	422	436	388	426	406	378	390	410	438	464	420	392	406	384	420	348	400	402	402	404	414	426	416	446	454	400	386	408	388
	372	416	416	450	396	426	432	400	386	478	424	440	456	388	416	424	388	434	436	360	378	408	404	428	416	426	448	420	352	446	422	420	356	420	410	388	378	434	404	430	424	414	386	398	370	434	396	382	440	448	364	342	410	408	420	430	382	394	412	438	408	392	434	362	386	402	426	390	400	456	398	380	408	430	416	404	408	346	394	394	422	436	388	426	404	378	390	410	438	464	420	392	406	384	416	348	400	402	402	404	412	424	416	446	452	398	386	408	386
	372	416	416	450	396	426	432	398	384	478	424	440	456	388	416	422	388	434	436	360	378	408	404	428	416	424	448	420	352	446	422	420	356	420	410	388	378	434	404	430	424	414	384	398	370	434	394	382	436	448	364	342	410	408	416	430	380	394	412	436	406	392	432	360	386	402	422	390	400	456	398	380	408	430	414	404	408	346	392	394	418	434	388	426	404	378	390	408	438	462	420	392	406	384	414	348	400	402	402	404	412	424	414	446	452	398	386	408	380
	372	416	414	450	394	426	432	398	384	478	424	440	456	388	416	422	388	434	436	360	378	408	404	428	416	422	448	420	352	446	420	420	354	418	410	388	378	434	404	428	424	414	384	398	370	434	392	382	436	446	364	342	410	408	416	430	380	394	412	434	400	392	432	360	386	402	418	390	400	454	398	380	408	430	412	404	408	346	390	394	412	432	388	426	404	378	386	406	438	458	420	392	406	382	412	348	400	402	402	404	412	424	412	446	452	398	384	408	378
	372	416	414	450	392	426	432	398	384	478	424	440	456	388	416	422	388	434	436	360	376	408	404	428	412	422	448	420	352	446	420	420	354	418	410	386	378	434	404	428	422	414	384	398	370	434	390	382	436	446	364	342	410	406	416	430	380	394	412	430	398	390	432	360	386	402	416	390	400	454	396	380	408	430	412	404	408	344	390	394	412	430	386	426	402	378	386	406	438	458	420	392	406	382	412	348	400	402	402	404	412	424	410	446	450	390	384	408	378
	372	416	410	450	392	424	432	398	384	478	424	440	456	388	416	422	386	434	434	360	376	408	404	426	410	422	448	420	350	446	420	418	354	418	410	386	378	434	404	428	422	412	384	398	368	434	390	382	434	446	364	342	410	406	416	430	380	394	412	430	398	388	432	360	386	402	416	390	400	454	396	380	408	430	412	404	408	344	390	394	412	430	386	426	402	378	386	406	436	458	420	392	406	380	412	348	400	402	402	404	406	424	410	446	450	390	382	408	378
	370	416	410	450	392	420	432	396	384	478	424	438	456	388	416	422	386	434	434	360	376	408	404	426	410	422	446	416	350	444	420	418	354	416	410	386	378	430	404	428	422	412	382	398	364	434	390	382	434	446	364	342	410	406	416	430	380	394	412	430	398	388	430	360	384	402	416	390	400	454	396	380	408	430	412	404	408	344	390	394	412	430	386	426	402	376	386	406	436	456	420	392	406	380	412	348	400	402	402	404	406	424	406	446	448	390	382	408	378
	370	416	406	450	392	420	432	396	382	476	424	438	456	388	416	422	386	432	434	360	374	408	402	426	404	422	446	410	346	444	420	418	354	416	410	384	378	426	404	428	422	412	382	398	364	434	390	382	434	446	362	340	410	406	416	430	380	390	412	430	394	388	430	360	382	402	416	390	400	454	396	378	408	426	412	404	408	344	390	394	412	430	386	426	402	376	384	406	436	454	420	392	406	380	410	348	400	402	402	404	404	424	404	446	446	390	382	408	378
	370	416	406	450	392	420	432	396	382	476	424	438	456	388	416	418	386	428	434	360	374	408	400	426	404	422	446	408	346	444	420	418	354	416	410	384	378	426	404	428	422	412	382	398	364	434	390	382	434	444	360	340	410	402	416	428	380	390	412	426	394	388	430	360	382	402	416	390	398	454	396	376	408	426	412	404	408	344	390	394	412	428	386	426	402	376	382	406	436	454	420	392	406	380	410	348	400	402	402	404	404	424	402	446	446	390	382	406	378
	370	416	406	448	390	420	432	394	382	476	424	438	456	388	416	418	386	428	434	360	374	408	398	426	404	422	446	408	346	442	420	418	354	416	410	384	378	424	400	428	422	412	382	398	364	434	386	382	434	444	360	340	410	402	416	428	380	390	412	424	394	388	428	360	382	402	416	390	398	454	396	374	408	424	412	404	408	344	388	392	412	428	386	424	402	376	382	406	436	450	420	392	406	380	410	348	400	402	402	404	402	424	400	442	446	390	382	406	378
	370	414	402	446	390	420	432	394	382	476	422	438	456	388	416	418	386	428	434	360	374	408	398	426	400	420	446	408	344	442	420	418	354	416	410	384	378	420	400	428	422	412	382	398	364	434	384	382	434	444	360	340	410	402	416	428	378	390	412	424	394	386	428	360	382	402	416	390	396	450	396	372	408	424	410	404	408	344	388	392	412	428	386	422	398	376	382	406	436	444	420	392	406	380	410	348	400	402	402	404	400	424	398	438	446	390	382	406	376
	370	414	400	446	390	418	432	394	382	476	420	438	456	388	416	418	386	428	434	360	374	408	398	426	398	420	446	408	344	442	420	418	354	416	410	384	378	420	400	428	422	412	382	398	364	434	384	382	432	442	360	338	410	402	414	428	378	390	412	420	394	386	428	360	382	402	416	390	396	450	396	368	408	424	410	404	408	344	386	392	412	428	386	422	394	376	382	406	436	440	418	392	406	380	408	348	398	402	402	404	396	422	396	432	446	390	382	406	376
	370	414	398	446	390	416	432	394	382	476	420	438	456	388	416	418	386	424	434	360	374	408	398	426	396	420	446	406	342	442	418	418	354	416	410	384	378	420	400	428	422	412	380	398	360	434	384	380	430	440	360	338	410	402	408	428	378	388	412	420	394	386	426	360	382	402	416	390	396	450	396	368	408	424	410	402	408	344	382	390	410	428	384	420	392	376	382	402	436	434	418	392	406	380	408	348	398	402	402	404	396	422	396	430	446	390	382	406	376
	370	414	394	446	388	416	432	394	382	476	420	436	452	388	416	418	386	424	434	360	374	408	390	426	396	420	442	404	342	442	418	418	354	414	410	384	378	420	400	426	422	410	380	398	356	434	384	380	430	440	360	338	410	402	404	428	378	386	412	420	394	380	424	360	382	402	416	390	396	450	396	368	408	424	410	402	408	344	380	390	410	428	384	420	388	376	382	400	436	434	418	392	406	380	408	348	398	402	402	404	396	422	396	428	446	390	382	406	376
	370	414	394	446	388	408	432	394	382	476	416	434	452	388	416	418	386	424	434	360	374	408	390	426	396	418	442	404	342	442	416	418	354	414	410	384	378	418	400	426	422	410	380	398	356	434	384	380	430	440	360	338	410	402	402	428	378	382	412	420	394	380	420	358	382	400	416	390	396	450	396	368	408	424	410	400	408	344	380	390	410	428	384	420	386	374	382	398	436	432	418	388	406	378	408	348	398	402	402	404	396	422	396	426	446	390	382	406	376
	368	414	394	446	388	408	430	394	382	476	416	432	452	388	416	416	386	424	434	360	374	408	390	426	396	416	438	404	342	442	414	418	354	414	410	384	378	418	400	426	422	410	380	398	352	434	384	380	430	440	360	338	410	402	400	428	378	382	412	420	394	380	420	358	382	400	416	390	392	450	394	368	406	424	410	398	408	344	380	390	410	428	384	420	386	374	382	398	436	428	418	388	406	378	408	348	398	402	398	404	396	422	396	422	446	390	382	406	376
	364	414	394	446	388	408	430	392	382	476	416	432	452	388	416	416	386	424	434	360	374	408	386	424	396	412	438	404	342	442	414	418	354	408	410	384	378	418	400	426	422	410	380	398	350	434	384	380	430	440	360	338	410	402	400	428	378	382	410	420	394	378	420	358	380	400	416	390	392	450	392	368	406	424	410	398	408	344	380	390	410	428	384	420	386	374	382	398	434	426	418	388	406	378	406	348	398	402	396	404	396	422	396	420	446	390	382	406	376
	364	414	394	446	388	408	430	392	382	476	416	432	452	388	416	416	386	424	434	360	374	408	384	424	396	410	438	404	338	442	414	418	354	400	410	384	378	416	400	424	422	410	380	398	346	434	384	380	430	440	360	338	410	402	400	428	378	382	410	420	394	378	420	358	378	400	416	390	392	450	392	368	406	424	410	398	408	344	380	390	410	428	384	420	386	374	382	398	434	420	418	386	406	378	406	348	398	402	396	404	396	422	396	420	446	390	382	406	376
	364	414	394	446	388	408	430	392	380	476	416	432	452	388	416	416	386	424	434	360	374	408	384	424	396	408	438	404	338	442	414	418	354	396	410	384	378	416	400	424	422	410	380	398	346	434	384	380	430	440	360	338	410	402	398	428	378	382	410	418	394	378	420	358	378	400	416	390	392	450	392	368	406	424	410	398	408	344	380	390	410	428	384	420	386	374	382	396	434	420	418	386	406	378	406	348	398	402	396	402	396	422	396	418	446	390	382	406	376
	364	414	394	446	388	408	430	392	380	476	416	432	452	388	416	414	386	424	432	360	374	408	384	424	396	406	438	404	338	438	414	418	354	396	406	384	378	416	400	424	422	410	380	398	344	434	384	378	430	440	360	338	410	402	398	428	378	382	410	416	394	378	418	358	376	400	416	390	392	450	390	368	404	424	410	398	408	344	380	390	410	428	384	420	386	374	382	396	434	418	418	386	406	378	406	348	398	402	396	402	396	422	396	418	446	390	382	406	376
	364	414	394	446	388	406	430	392	380	476	416	432	452	388	416	414	386	422	432	360	376	408	384	424	396	406	438	404	338	438	414	418	354	396	406	384	378	416	400	424	422	410	378	398	344	434	384	378	430	440	360	338	408	402	396	428	378	382	410	412	394	374	418	358	376	400	416	390	392	450	390	368	402	424	410	398	408	344	380	390	410	428	384	420	386	374	382	396	434	418	418	386	404	378	404	348	398	402	396	402	396	422	396	418	446	390	382	406	374
	364	412	394	446	388	402	426	392	380	476	416	432	452	388	416	414	386	422	430	360	374	408	384	424	396	406	438	404	338	438	414	418	354	396	406	384	378	414	398	424	422	410	378	398	344	434	384	378	430	440	360	338	408	402	394	428	378	380	410	412	392	370	418	356	372	400	416	390	392	450	386	368	400	424	410	396	408	344	380	390	410	428	384	420	386	374	382	394	434	416	418	386	402	378	404	348	398	402	396	402	396	422	396	418	446	390	382	406	374
	364	412	394	446	388	402	426	392	380	476	416	432	452	388	416	414	386	422	428	360	376	408	384	424	396	402	438	402	338	438	414	418	354	396	406	384	378	412	398	424	422	410	376	398	342	432	384	378	430	440	360	338	408	402	394	426	378	380	410	412	392	370	418	356	370	400	416	390	392	450	386	368	392	422	410	394	408	344	380	390	410	428	384	420	386	374	382	394	432	416	418	386	400	378	404	348	398	402	396	402	396	422	396	418	446	390	382	406	374
	364	412	394	446	388	400	426	390	380	476	416	430	452	388	416	414	386	420	426	360	376	408	384	424	396	402	438	402	338	438	414	416	354	394	406	382	378	408	398	424	422	410	376	398	340	432	384	378	430	436	360	338	408	402	394	424	378	380	410	412	392	368	418	356	370	400	416	390	392	450	386	368	388	422	410	394	408	344	380	390	410	428	384	420	386	374	382	392	432	414	418	386	398	378	404	348	398	402	396	402	396	422	396	418	446	384	382	406	374
	364	412	394	446	388	400	426	390	380	476	416	428	452	388	414	414	386	420	426	360	374	408	384	424	396	402	438	402	338	438	414	416	354	390	406	382	378	406	398	422	422	410	376	398	338	430	384	378	430	436	360	338	408	402	392	424	378	380	410	412	392	368	418	356	370	400	416	390	392	450	386	368	388	422	410	394	408	344	380	390	410	426	382	420	386	374	382	392	432	414	418	386	394	378	404	342	398	402	396	402	396	422	396	418	446	384	382	406	374
	364	412	394	446	388	400	426	390	380	476	416	428	452	388	414	412	386	418	426	360	374	406	384	424	396	402	438	394	338	438	414	416	354	390	406	382	378	406	398	422	422	410	376	398	338	430	384	378	430	436	360	336	408	402	390	424	378	380	410	412	392	368	418	354	370	400	416	390	392	450	386	368	388	422	410	394	408	344	380	388	408	424	382	422	386	374	382	392	432	410	418	386	392	378	402	342	398	400	396	402	396	422	396	416	446	382	382	406	374
	364	412	394	446	384	400	426	388	380	476	416	428	452	388	414	412	386	418	426	360	374	404	384	424	396	402	438	398	338	438	414	416	354	390	406	382	378	406	398	422	422	410	376	398	336	430	384	378	430	436	360	334	408	402	388	424	378	380	410	412	392	368	418	354	370	400	416	390	392	450	386	368	388	422	410	394	408	344	380	388	408	424	382	422	386	374	382	392	432	410	418	386	392	378	402	340	398	400	396	402	396	422	396	412	446	382	382	406	374
	364	412	394	446	384	398	426	388	380	474	416	428	452	388	414	410	386	418	426	360	374	404	384	424	396	400	438	392	338	438	414	416	354	390	406	380	378	406	398	422	422	410	376	398	336	430	384	378	430	436	360	332	408	402	388	424	374	380	410	412	392	368	418	354	370	400	416	390	392	450	386	368	388	422	410	392	408	344	380	388	408	424	380	420	386	374	382	392	432	410	418	386	392	378	396	340	398	400	396	400	396	422	396	412	446	382	382	406	374
	364	412	394	446	384	398	426	388	380	474	416	428	452	388	414	410	386	418	424	360	374	404	384	424	396	400	438	394	338	436	414	416	354	388	406	380	376	406	398	422	422	410	376	398	336	430	384	378	430	436	360	332	408	402	388	424	374	380	410	412	392	368	418	354	370	400	416	390	392	450	386	368	388	422	410	392	408	344	380	388	408	424	380	420	386	374	382	390	432	412	418	386	392	378	396	340	398	400	396	400	396	422	396	408	446	382	382	406	374
	362	412	394	446	384	396	426	388	380	474	416	422	450	388	414	410	386	418	424	360	374	404	384	424	396	398	438	392	338	436	414	416	354	388	406	380	376	406	398	422	422	410	376	398	336	430	384	378	430	436	360	332	408	402	388	424	372	380	410	412	392	368	418	354	370	400	416	390	392	448	386	368	388	422	410	390	408	344	380	388	406	424	380	420	386	374	382	388	432	412	418	386	392	378	390	340	398	400	394	400	394	422	396	408	446	382	382	406	374
	362	412	394	446	384	396	424	388	380	474	416	420	450	388	414	410	386	418	424	360	374	404	384	424	396	396	438	390	338	436	414	416	354	388	406	380	374	406	398	420	422	410	376	398	336	430	384	378	430	436	360	332	408	402	388	424	370	380	410	412	392	368	418	354	370	400	416	390	390	448	386	368	386	422	410	390	406	344	380	386	406	422	380	420	386	374	382	388	428	408	418	386	392	378	390	340	398	400	394	400	394	422	392	404	444	382	382	406	374
	360	412	394	446	384	396	424	388	378	474	416	420	450	388	414	410	386	418	424	360	376	404	384	424	396	396	438	390	338	436	414	416	354	388	406	380	374	406	398	420	422	410	374	396	336	430	384	378	430	436	360	332	408	402	388	424	370	380	410	410	392	368	418	352	370	400	416	390	388	448	386	368	384	422	410	390	406	344	380	386	406	422	380	420	386	374	382	388	428	410	418	386	392	378	390	340	398	400	394	400	394	422	390	404	444	382	382	406	374
	360	412	394	446	384	396	424	388	378	474	416	420	450	388	414	410	386	418	424	360	372	404	384	424	396	392	438	392	338	436	412	414	354	388	406	380	374	406	396	420	422	410	374	394	336	430	384	378	430	436	360	332	408	402	388	424	370	380	410	410	392	368	418	352	370	400	416	390	388	448	386	368	384	422	410	390	406	344	380	386	406	422	380	422	386	374	382	388	422	410	418	386	392	378	390	340	398	400	394	400	394	422	390	402	444	378	382	406	374
	360	412	394	446	384	396	422	388	376	474	416	420	450	388	414	410	386	418	424	360	372	404	384	424	396	390	438	390	338	436	412	414	354	388	406	380	374	406	396	420	422	410	374	394	336	430	380	376	430	436	360	332	408	402	388	424	370	380	410	410	392	368	416	352	370	400	416	390	388	448	386	368	384	420	410	390	406	344	380	386	406	420	378	420	386	374	382	388	422	408	418	386	392	378	390	340	398	400	394	398	394	422	390	400	444	378	382	406	374
