	0	0	0	0	0	0	0	0	0	0	0	0	0	0	0	0	0	0	0	0	0	0	0	0	0	0	0	0	0	0	0	0	0	0	0	0	0	0	0	0	0	0	0	0	0	0	0	0	0	0	0	0	0	0	0	0	0	0	0	0	0	0	0	0	0	0	0	0	0	0	0	0	0	0	0	0	0	0	0	0	0	0	0	0	0	0	0	0	0	0	0	0	0	0	0	0	0	0	0	0	0	0	0	0	0	0	0	0	0
	952	966	1022	952	952	978	990	978	972	1002	970	972	998	940	980	962	942	986	976	972	992	952	944	962	984	944	908	928	956	954	958	980	968	970	956	946	978	968	954	962	946	956	972	952	974	940	998	948	978	944	968	986	936	924	956	986	934	960	946	960	972	944	952	964	978	944	954	968	956	962	956	930	962	978	986	926	954	972	990	976	926	962	970	980	970	940	966	970	948	970	970	930	970	970	964	930	930	966	942	946	984	960	910	990	968	920	948	952	976
	734	742	816	758	726	748	780	778	746	810	756	760	768	750	744	764	708	726	754	790	782	740	760	766	772	740	708	702	752	730	720	770	762	718	726	736	758	740	752	762	728	772	740	748	752	728	762	742	772	730	746	746	748	742	750	740	722	766	756	746	714	748	760	782	752	758	784	760	752	716	766	734	770	760	756	712	722	766	760	770	742	746	754	784	770	742	716	728	746	718	752	714	750	772	744	732	714	764	746	752	776	758	704	750	740	730	734	766	738
	616	626	706	650	650	664	698	644	652	692	632	676	668	650	650	644	618	616	658	694	668	650	640	692	658	634	592	598	648	652	612	670	686	652	634	622	660	634	646	670	612	658	630	652	624	608	662	656	668	640	622	646	654	638	656	660	626	642	630	646	644	654	674	664	660	674	684	660	656	626	662	672	662	690	644	620	622	640	662	654	656	646	640	702	654	658	634	648	672	614	644	616	648	642	652	656	620	654	626	664	658	664	604	660	634	638	616	668	628
	554	572	648	600	598	604	636	572	584	626	588	598	598	588	582	576	570	556	592	646	608	588	604	606	604	582	520	552	590	580	574	606	606	592	556	574	618	578	582	610	552	588	580	588	566	548	596	606	606	594	562	582	604	580	584	602	582	582	576	596	584	602	626	586	614	606	604	608	604	562	612	588	604	628	578	552	570	566	592	592	592	586	592	648	582	592	580	558	608	564	568	564	588	596	598	610	558	574	564	598	604	614	530	612	570	544	572	594	570
	518	538	598	564	570	556	598	534	516	580	526	562	558	550	544	536	540	528	536	602	568	552	546	562	576	548	482	524	538	566	552	562	552	548	504	532	576	542	534	572	516	548	560	552	524	504	574	568	544	550	522	562	568	532	548	566	550	538	542	554	554	562	584	554	574	580	574	552	566	530	578	542	562	586	538	498	522	526	530	548	560	548	544	604	558	552	536	512	564	516	538	536	554	562	556	578	532	526	518	576	566	578	502	584	532	500	550	554	542
	492	504	566	536	546	528	578	514	492	532	508	534	536	534	520	520	512	496	498	554	538	524	512	524	536	520	456	506	512	540	534	546	514	526	496	512	554	524	514	544	492	522	546	536	502	470	544	536	522	514	498	538	556	506	514	530	524	510	498	520	526	540	528	526	540	568	524	516	538	504	544	506	530	560	504	478	506	490	494	524	532	516	514	584	536	534	512	494	524	490	514	502	524	538	524	546	484	492	508	540	534	556	476	560	500	478	528	532	510
	460	482	518	524	524	520	554	506	470	512	498	516	506	506	478	500	490	478	480	536	520	508	496	504	512	506	430	492	494	516	524	532	482	504	476	488	536	504	496	520	478	496	530	502	484	458	518	504	502	500	486	512	536	474	498	502	506	500	468	500	514	522	506	488	514	554	518	498	512	486	514	484	506	532	492	454	484	474	476	494	512	492	494	560	530	508	496	468	484	478	472	482	502	510	512	520	458	468	490	512	494	540	460	530	466	466	510	508	492
	436	468	500	508	494	514	540	480	456	474	484	512	486	482	464	486	472	468	474	522	508	490	482	486	504	482	424	484	482	500	510	502	456	488	458	484	516	486	466	494	450	486	510	490	468	454	502	494	494	484	464	494	502	462	480	494	490	482	454	484	484	504	474	482	504	532	502	486	500	468	494	478	500	518	464	436	466	454	458	488	496	480	480	538	512	486	484	450	476	468	462	462	488	488	492	500	436	462	470	500	476	512	436	506	462	446	498	496	472
	418	458	474	488	482	504	512	474	434	452	466	508	474	468	450	470	460	440	466	504	490	480	470	476	486	460	418	472	466	484	488	484	432	466	446	480	500	474	442	484	430	476	494	468	460	444	480	474	476	478	452	464	488	446	468	472	474	470	432	464	458	488	454	470	488	514	488	470	482	462	482	458	474	510	456	428	458	444	442	478	472	474	470	532	510	480	462	428	456	450	448	448	470	482	478	488	420	454	456	488	466	500	420	484	452	436	478	484	462
	406	452	458	476	466	490	484	458	420	434	438	500	470	458	436	464	454	430	454	498	468	468	462	468	478	446	410	464	456	458	474	474	418	448	432	474	492	454	426	474	422	464	492	452	446	436	470	458	462	466	444	458	480	440	462	456	448	458	408	448	452	478	446	448	480	494	480	450	476	456	478	446	454	494	438	422	440	436	426	462	462	468	458	520	500	470	454	412	448	444	434	444	454	468	470	478	406	448	452	472	458	486	412	474	446	426	460	468	452
	396	444	446	464	456	468	476	442	416	426	420	500	454	450	430	448	446	422	452	478	460	468	456	460	476	428	404	444	444	450	466	466	414	436	428	472	480	448	416	466	418	452	486	440	446	426	452	434	448	450	436	446	470	438	448	438	446	458	392	440	450	474	444	428	472	486	474	436	468	450	470	436	442	472	434	420	428	428	416	446	462	456	452	508	484	458	448	402	442	438	432	432	436	460	458	460	400	440	444	458	448	474	408	462	436	414	454	464	452
	394	434	444	458	440	462	472	436	412	410	416	486	448	442	428	434	440	418	442	472	454	468	452	450	476	422	400	436	428	444	462	456	412	428	416	464	470	446	406	452	396	446	478	428	440	422	436	426	438	448	426	436	456	432	444	432	442	456	384	434	444	466	432	418	464	470	472	432	462	446	468	428	428	460	432	412	426	424	410	446	450	448	446	494	478	448	442	392	438	424	426	428	428	456	452	444	398	428	434	448	432	466	402	452	430	406	452	456	436
	390	432	444	444	440	456	464	434	410	404	412	480	434	438	422	432	428	414	440	460	448	456	444	440	474	416	396	424	424	436	452	450	410	416	396	454	466	436	390	438	380	438	466	416	434	416	428	410	430	438	422	432	454	432	440	420	428	450	380	430	436	442	422	410	456	456	468	420	456	442	464	420	424	448	426	404	418	412	404	444	438	436	440	488	456	442	440	390	430	414	422	424	420	450	450	422	392	424	432	434	426	456	400	438	420	386	446	448	430
	382	426	436	438	432	452	460	432	408	402	406	474	432	432	416	426	420	408	430	446	436	454	438	434	472	412	392	418	414	426	448	444	398	412	392	452	462	430	386	434	378	432	458	404	430	406	424	406	420	430	402	426	454	430	436	414	424	444	366	426	430	428	412	402	450	452	462	418	448	432	450	410	410	434	424	396	412	404	400	442	432	432	432	474	454	432	432	378	424	400	416	416	420	442	446	420	388	418	422	424	424	450	398	422	398	382	440	440	426
	376	424	436	428	428	452	444	422	404	394	402	470	426	428	412	426	408	398	424	440	430	444	436	428	468	408	388	414	406	418	444	440	378	406	382	450	462	418	376	422	376	426	448	400	428	402	420	404	414	418	392	412	452	426	430	408	420	438	362	416	428	414	410	392	446	450	458	410	442	428	446	408	396	426	418	396	410	402	388	430	424	430	428	462	452	428	422	376	420	398	408	396	418	432	436	418	380	414	414	404	422	446	396	418	388	378	436	432	418
	370	420	432	428	424	452	438	420	400	392	402	458	422	420	408	416	398	394	416	434	418	442	436	428	468	406	384	410	396	410	434	436	376	404	382	448	456	412	368	422	374	420	440	390	426	392	416	396	394	408	388	408	442	422	424	402	418	436	356	410	420	400	410	382	444	448	458	410	434	428	446	408	386	416	412	386	396	400	378	420	422	428	428	452	448	426	420	372	420	390	408	388	414	428	428	408	376	398	414	400	418	440	394	412	378	374	424	424	414
	366	418	430	428	418	450	430	418	400	390	400	454	414	420	404	406	396	390	408	428	416	440	432	418	466	404	380	404	392	408	432	422	370	404	374	444	454	410	366	416	368	410	430	384	422	388	416	394	382	406	382	404	440	416	424	402	416	430	350	400	420	388	408	380	442	444	458	398	422	422	438	404	374	414	408	382	386	398	376	406	416	426	424	448	440	424	416	370	416	390	404	388	412	422	428	404	374	396	406	396	416	426	386	412	364	370	418	418	406
	364	412	430	426	414	446	428	410	400	388	396	446	408	420	402	406	392	386	396	426	406	426	430	418	466	402	378	400	382	406	430	416	368	404	366	440	450	402	358	412	364	404	428	382	422	388	414	386	374	402	376	402	436	408	424	396	414	428	348	398	412	384	404	376	442	426	452	394	414	418	428	400	372	408	394	380	386	396	372	402	416	424	422	442	440	418	414	370	408	388	402	384	410	418	426	402	370	394	398	396	414	420	382	408	362	366	414	416	394
	356	408	428	424	406	444	418	410	396	384	392	440	408	414	396	404	386	382	394	416	398	420	426	410	466	402	378	398	378	406	426	412	368	404	360	440	448	400	354	404	360	400	426	376	422	388	414	380	368	394	372	402	432	404	420	394	408	428	344	394	408	382	396	374	440	426	452	394	408	414	426	398	362	408	386	380	380	396	366	402	416	424	418	438	436	418	408	370	402	388	398	382	408	414	422	400	364	392	394	394	412	418	380	402	354	360	410	412	388
	354	406	422	416	404	444	416	408	394	382	390	436	408	406	396	402	380	378	384	402	394	420	422	410	458	400	376	396	370	402	426	412	368	402	352	440	444	398	354	398	358	388	424	374	420	386	410	374	362	392	368	400	430	404	416	384	400	428	344	392	406	380	392	372	436	422	444	384	404	406	426	396	356	402	382	374	376	396	362	402	414	418	412	426	434	416	404	370	398	388	396	376	404	408	422	398	360	384	390	388	398	414	374	400	352	358	408	412	388
	354	406	420	414	404	444	408	406	392	380	388	434	406	402	396	394	376	378	380	396	394	420	420	404	454	396	370	394	362	396	426	412	368	402	352	440	444	390	354	392	356	388	418	374	416	378	410	366	356	390	366	400	426	394	412	382	398	420	340	390	404	370	392	372	436	418	440	378	398	400	418	390	352	392	380	372	376	390	360	400	400	412	406	420	432	402	404	368	398	388	396	372	398	406	414	398	356	380	384	386	392	414	370	394	348	356	408	412	388
	350	402	418	408	400	442	404	404	386	378	388	430	402	398	390	390	376	368	380	390	394	418	418	404	454	392	366	390	362	388	420	408	364	394	350	440	438	388	350	392	352	386	416	372	414	376	410	366	350	386	366	398	424	392	412	376	396	414	338	390	400	366	390	368	436	414	436	372	392	396	414	390	342	384	378	372	368	384	358	398	400	412	398	414	424	402	402	362	398	388	396	366	394	402	412	398	350	380	380	380	390	406	364	392	348	350	406	412	386
	348	398	414	400	400	438	400	404	384	376	388	428	398	396	388	386	368	364	376	382	394	416	414	402	454	392	364	388	360	384	418	404	362	388	344	438	434	386	348	390	352	376	410	372	414	372	408	366	348	380	362	398	422	392	412	374	392	414	338	390	400	366	388	368	436	414	436	372	390	396	414	388	338	382	376	370	364	384	356	396	400	412	396	410	422	400	394	360	396	386	394	366	390	396	410	398	346	378	380	380	386	404	358	386	346	350	406	410	386
	342	398	412	400	396	436	398	402	384	374	388	422	398	392	386	386	366	360	376	376	394	416	410	400	454	392	364	388	356	382	416	400	362	386	342	432	432	384	348	384	350	372	408	370	410	368	408	366	344	378	360	392	416	392	412	372	382	414	334	388	396	358	388	366	436	414	436	362	390	386	414	384	330	382	376	368	362	384	344	394	396	412	396	408	422	396	392	360	396	386	392	362	388	396	410	396	342	378	380	380	384	398	358	386	344	348	404	410	382
	338	398	410	400	396	436	394	402	380	372	386	420	398	390	386	384	364	358	374	376	386	412	408	396	454	384	364	388	356	378	416	400	362	386	340	428	432	384	346	382	350	368	408	368	408	364	406	358	340	362	356	390	414	392	410	372	374	412	334	386	396	358	384	364	436	412	432	356	390	386	410	384	328	382	376	368	362	384	342	388	394	412	396	404	420	392	390	356	392	386	392	358	388	394	408	396	338	378	380	374	384	396	356	384	342	346	402	408	380
	334	396	410	400	396	436	394	402	376	368	386	418	392	390	382	382	360	358	370	376	386	412	404	394	452	382	360	388	356	378	416	400	362	386	336	428	426	380	340	382	348	364	408	364	406	364	404	356	340	360	356	386	410	390	410	368	372	412	332	384	394	358	382	362	432	412	430	352	384	384	404	384	328	372	370	366	362	382	340	386	394	410	390	404	420	392	388	350	392	384	392	358	386	390	404	396	336	378	380	374	382	394	356	376	342	346	402	404	378
	334	394	408	394	396	436	390	402	376	368	382	416	384	390	382	382	360	358	370	376	384	410	404	390	450	382	360	386	356	376	414	392	360	380	336	426	420	380	340	376	348	364	408	364	406	364	404	354	340	354	352	386	410	390	406	364	370	412	332	384	392	356	382	360	424	408	428	352	374	382	400	384	328	368	370	362	358	382	340	384	392	410	384	398	418	390	382	348	390	384	390	358	386	388	404	396	336	378	376	370	382	394	354	374	342	346	396	404	376
	334	394	404	390	396	436	390	394	376	366	382	416	384	390	382	382	360	356	366	374	380	410	402	390	450	378	358	386	348	370	408	392	352	380	336	424	420	380	338	370	346	364	404	364	406	358	400	344	336	350	346	384	402	390	406	360	370	412	330	378	392	356	382	360	420	404	428	352	372	378	398	382	322	366	370	358	358	382	338	382	384	410	380	396	416	388	380	348	390	382	390	358	386	386	398	396	336	378	376	368	378	394	350	374	338	338	396	398	376
	332	392	400	386	396	432	390	394	374	364	380	416	380	390	378	380	356	352	362	370	380	408	400	390	450	376	358	384	342	362	404	390	352	378	336	420	416	376	336	368	346	358	402	362	406	358	400	338	336	348	346	384	402	390	402	360	366	412	328	374	386	356	382	360	420	398	428	348	366	376	396	382	322	366	370	354	352	382	334	380	384	410	380	396	416	386	380	348	390	366	386	358	386	386	392	396	334	376	374	364	374	392	350	372	338	334	388	396	376
	332	388	400	384	396	432	390	394	372	364	380	412	374	390	378	374	352	348	358	368	380	404	398	388	446	376	358	384	334	360	396	390	352	376	336	420	416	374	336	366	342	352	398	360	402	356	398	334	336	348	346	382	402	388	398	358	362	412	326	374	386	354	380	356	408	396	428	348	364	376	394	382	320	366	370	352	348	378	332	380	382	410	378	394	416	382	380	346	390	366	386	356	384	386	388	396	328	372	372	360	374	388	350	370	338	332	384	394	376
	332	388	400	382	396	432	390	394	370	362	378	410	372	386	376	374	352	344	358	366	380	404	398	386	444	376	358	384	334	360	394	390	350	370	334	418	416	372	332	360	340	350	398	360	400	354	398	330	336	346	340	380	400	378	392	358	362	412	324	374	380	354	380	356	408	394	428	348	364	372	394	382	320	366	368	352	344	378	332	378	382	408	374	392	416	382	380	346	388	366	386	352	384	386	382	394	326	366	372	360	372	386	350	366	334	330	384	394	376
	332	388	398	370	396	426	388	394	368	362	376	410	368	384	376	372	350	342	356	366	376	398	394	386	444	374	354	384	332	358	394	388	350	370	334	416	416	368	328	360	340	346	394	360	400	352	396	328	336	344	338	378	400	376	392	354	360	412	324	374	380	354	380	352	406	392	428	346	364	370	392	382	320	366	368	350	344	378	330	378	382	404	370	392	416	382	380	346	388	364	382	350	382	382	382	394	326	366	372	356	370	386	348	366	332	330	382	394	376
	332	388	396	366	396	424	378	392	366	360	374	410	366	382	374	372	350	342	356	366	376	398	390	384	442	372	350	380	330	356	394	386	346	366	332	414	414	368	328	360	340	346	394	358	400	350	396	328	336	342	336	372	400	376	390	352	358	412	322	374	380	354	380	350	406	384	428	340	364	370	388	382	318	366	368	350	344	378	328	378	382	404	370	392	416	380	378	346	386	362	376	350	380	380	378	394	326	364	372	350	370	386	348	366	328	326	382	392	374
	328	388	396	362	396	424	376	392	366	358	374	404	362	382	374	366	350	342	356	364	372	390	388	384	442	368	348	380	326	356	394	384	342	366	332	406	410	368	328	360	338	346	392	358	400	350	394	328	336	342	336	372	396	372	388	346	354	412	322	372	380	354	378	344	406	382	428	340	364	368	384	382	318	366	368	350	344	374	326	378	382	404	370	392	414	380	372	346	384	358	372	348	380	380	376	394	324	364	372	348	370	380	348	366	328	326	382	392	374
	328	386	392	362	396	424	374	392	364	358	374	404	362	382	372	362	346	342	356	362	372	390	386	384	442	368	348	376	324	356	392	380	340	360	330	404	410	368	326	360	336	346	392	358	398	350	382	328	336	342	332	366	396	370	388	346	350	412	322	372	380	354	376	344	402	382	420	336	364	368	382	382	318	360	368	350	344	370	326	378	380	402	370	392	414	376	364	346	384	354	372	342	380	380	374	394	324	362	372	348	366	376	348	360	328	326	380	392	374
	328	380	390	362	392	424	372	392	364	358	374	404	360	382	372	360	346	340	354	362	372	390	380	384	442	368	348	376	324	354	388	376	338	360	328	404	408	368	322	360	336	344	392	354	398	346	376	328	336	338	332	366	394	368	388	346	346	412	320	372	378	354	374	344	402	382	420	334	362	368	378	382	314	358	368	350	344	370	322	376	374	400	370	392	412	376	364	346	380	354	368	336	380	378	370	392	318	362	372	348	366	376	344	354	328	322	378	392	374
	328	380	390	360	390	424	370	392	364	358	374	404	358	382	370	352	344	340	354	360	372	388	376	384	442	368	348	374	320	354	388	374	336	360	328	400	408	368	322	358	334	342	386	354	398	346	376	328	336	338	332	364	390	364	384	344	342	410	320	372	378	354	374	344	400	380	420	332	362	368	372	380	310	354	368	346	344	370	322	372	374	400	362	392	412	376	360	346	378	354	368	336	378	378	370	386	316	358	372	348	366	374	340	354	328	318	376	392	374
	328	380	384	358	390	424	370	392	364	354	374	402	358	382	370	350	340	340	354	358	372	388	376	378	442	366	348	374	316	352	388	372	336	358	328	400	408	368	320	358	334	342	382	354	392	346	376	328	336	334	326	364	384	360	382	344	342	406	318	368	378	354	372	342	400	374	420	332	362	368	370	378	310	354	368	346	344	368	322	372	374	400	362	392	410	370	358	346	378	352	368	336	376	378	370	386	316	358	372	344	364	374	338	354	328	318	376	390	374
	328	380	384	354	390	424	368	392	364	354	368	402	356	380	370	348	338	338	352	354	372	388	374	376	440	364	344	372	316	352	384	372	336	358	328	398	408	368	320	358	332	342	380	354	392	344	374	328	336	332	326	364	382	356	382	344	340	406	318	368	378	352	372	332	400	374	420	332	362	368	368	378	310	354	366	346	344	366	322	372	372	400	362	392	410	366	358	346	378	350	366	336	376	374	368	384	316	358	372	342	362	374	338	352	328	316	376	390	374
	328	380	384	352	390	424	366	392	364	352	366	400	354	380	370	348	338	338	350	348	372	386	372	370	440	364	344	372	314	352	382	372	334	358	328	398	406	368	320	358	332	340	380	354	392	344	370	328	336	332	324	362	382	354	382	344	338	402	316	366	378	348	372	332	400	372	420	332	362	368	368	378	310	354	366	346	344	366	322	370	370	400	362	392	410	362	354	346	376	346	366	336	376	370	368	380	316	358	368	342	360	374	332	352	326	314	372	390	370
	328	380	384	346	388	424	354	392	362	352	364	398	354	372	370	348	338	338	346	348	372	380	372	370	438	364	344	372	310	352	382	372	334	358	328	398	406	368	320	356	332	336	380	354	392	342	368	328	336	332	322	362	380	352	382	344	332	402	316	366	372	348	372	332	400	370	420	328	362	368	368	376	308	354	366	338	344	364	322	370	370	400	362	392	410	362	354	346	374	344	366	334	376	368	368	380	314	356	366	342	360	374	330	352	326	314	370	390	370
	328	380	382	344	388	424	346	392	356	352	364	396	352	372	370	348	338	338	340	346	370	378	372	370	438	364	344	372	308	352	380	372	332	356	328	398	404	368	320	356	332	334	380	354	390	342	366	328	336	332	322	362	380	352	378	344	328	398	312	366	368	348	372	330	400	366	420	328	362	368	366	374	308	352	366	338	344	364	322	370	370	396	360	392	408	360	352	346	374	344	366	334	376	368	368	380	314	356	364	336	356	372	330	350	320	312	364	390	370
	326	378	380	344	388	424	346	390	356	350	362	396	352	370	370	346	338	338	340	344	370	378	372	370	438	364	344	370	308	352	380	372	332	354	328	398	400	368	320	356	332	334	378	354	386	342	366	328	336	332	322	362	380	352	378	342	316	396	312	366	368	348	372	330	398	364	420	324	360	368	364	370	308	350	366	338	344	364	322	370	370	396	360	392	408	360	350	346	372	338	366	324	376	368	368	380	314	356	362	336	356	372	330	350	320	310	362	388	370
	326	378	378	342	388	424	344	390	356	346	362	396	346	370	368	346	336	338	340	340	368	376	372	370	436	364	340	368	308	352	380	372	332	354	324	398	400	368	318	354	332	332	378	354	384	342	366	328	336	332	322	360	380	352	378	342	314	394	312	366	364	348	372	330	398	364	418	324	358	368	358	370	308	346	366	338	344	364	320	370	368	396	360	392	408	360	350	346	372	338	366	324	376	368	366	380	310	356	362	334	356	372	330	350	318	310	362	388	370
	326	378	376	342	388	424	342	386	354	346	362	394	344	370	366	346	336	338	340	340	366	370	368	370	432	364	340	368	308	352	380	370	332	352	324	398	400	368	314	352	332	332	378	354	382	342	366	324	334	332	322	358	380	352	378	340	314	394	312	366	362	348	372	330	398	364	418	322	358	368	358	368	308	346	364	338	342	364	320	370	364	396	360	392	408	358	348	346	372	338	366	324	376	360	364	380	308	356	360	332	354	372	324	350	318	310	360	388	370
	326	378	376	342	386	424	342	386	354	346	362	394	340	370	366	346	336	338	340	340	366	368	368	370	430	362	340	366	304	352	378	370	330	350	324	398	398	366	312	352	332	332	378	354	380	342	366	322	332	330	320	358	380	352	376	340	314	394	310	366	360	348	372	330	398	364	418	320	358	368	352	366	308	342	364	338	342	364	320	370	360	396	360	392	408	358	348	346	370	338	366	322	376	360	362	380	306	356	358	332	354	372	324	350	318	310	358	388	370
	326	378	372	342	384	424	342	386	354	346	362	394	340	370	366	346	334	338	340	340	366	368	366	370	428	360	340	366	304	352	378	370	330	350	322	398	396	366	312	352	332	332	378	354	380	342	364	322	332	328	320	358	380	352	376	334	314	394	310	362	358	348	372	326	396	362	416	320	358	368	352	366	308	342	364	338	342	364	320	370	356	392	360	392	408	358	336	346	370	338	366	322	376	360	362	380	304	354	356	332	352	372	324	350	318	310	358	384	370
	326	378	366	342	384	422	342	386	352	346	362	394	340	370	366	346	332	338	336	340	366	366	362	370	428	358	340	366	302	352	378	370	328	350	322	398	394	366	306	352	332	332	378	354	380	338	364	322	332	328	318	358	378	352	374	334	314	394	310	362	358	348	372	326	394	362	416	320	358	368	350	366	306	338	364	338	342	364	320	370	352	392	360	392	408	358	334	344	370	338	366	320	376	360	362	380	304	354	354	330	350	370	324	350	318	308	358	384	368
	326	378	364	342	384	418	340	386	352	346	362	394	338	370	366	346	330	338	336	340	364	362	362	370	426	356	338	366	302	352	378	366	326	350	322	396	392	366	306	352	332	332	378	354	380	338	364	322	332	328	318	358	378	352	374	334	314	394	310	362	358	348	372	326	390	362	408	318	358	368	346	366	306	338	364	338	342	364	320	368	348	392	360	392	408	358	334	342	366	338	366	318	376	356	362	380	302	354	354	330	346	370	322	348	318	308	358	384	368
	326	378	364	342	384	416	340	386	352	346	362	394	338	370	366	344	330	338	336	340	362	356	362	370	426	356	338	360	302	352	378	366	326	350	322	396	386	366	302	350	332	332	376	354	380	336	364	322	332	328	318	356	378	352	370	334	314	392	310	362	358	348	372	326	388	360	408	318	358	368	346	366	306	336	364	338	342	364	320	368	348	390	360	392	408	358	334	342	366	338	364	318	376	356	362	378	302	354	352	328	342	370	318	348	318	308	358	384	368
	326	378	364	342	384	416	340	386	352	346	362	394	338	370	366	344	328	338	336	340	360	354	362	370	426	356	338	360	302	352	376	366	326	350	322	396	380	366	300	350	332	332	372	354	380	336	362	322	332	328	318	356	378	352	370	332	314	388	310	360	358	348	368	324	384	360	404	318	358	368	344	366	306	336	364	338	342	364	320	368	348	388	360	390	408	358	334	342	360	338	364	318	376	356	362	378	302	354	348	328	340	368	318	346	318	302	356	384	366
	326	378	364	342	378	416	338	386	352	346	362	394	336	370	364	344	328	334	336	340	358	352	360	370	426	356	338	360	302	352	376	366	326	350	322	396	374	366	296	346	332	332	372	354	380	336	362	320	332	328	318	354	378	352	370	324	314	382	310	360	358	348	368	324	384	360	404	318	358	368	340	366	306	336	364	338	342	364	320	368	344	388	360	390	408	358	334	342	360	338	362	318	376	356	362	376	302	354	342	328	340	366	318	346	318	300	356	382	366
	324	378	364	342	378	416	332	386	350	346	362	394	336	366	362	344	328	332	336	340	358	352	360	370	424	356	338	360	302	348	376	364	326	350	322	394	372	366	292	342	332	332	370	354	380	336	362	320	330	328	318	354	378	352	370	324	306	378	310	358	358	348	366	322	384	354	404	318	358	368	340	362	306	332	364	338	342	360	320	366	344	388	360	390	408	358	334	340	360	338	362	318	376	356	362	374	302	354	342	324	340	366	318	346	318	300	354	382	366
	324	378	364	342	378	416	332	384	350	346	362	394	334	364	362	344	328	330	332	340	358	350	358	368	424	356	338	360	302	348	376	362	324	350	322	392	372	366	288	340	330	332	370	354	380	336	362	318	330	328	318	354	376	352	366	322	304	378	310	358	358	348	364	322	384	352	404	318	358	368	340	358	306	330	364	338	342	358	320	366	342	388	360	390	408	358	330	340	360	338	362	318	376	356	362	374	302	354	338	322	340	364	310	346	318	298	354	382	366
	324	378	364	342	378	416	332	382	348	346	362	392	332	364	362	344	328	330	330	340	358	350	354	364	424	356	338	360	300	348	376	362	324	350	322	388	364	366	288	340	330	332	370	352	380	336	362	318	330	328	312	354	376	352	366	320	304	374	310	358	358	348	364	322	384	350	402	318	358	368	340	356	306	330	364	338	342	358	320	366	342	388	360	388	408	358	330	340	360	338	362	318	372	356	362	374	302	354	338	322	340	364	308	346	318	298	352	382	366
	324	378	364	342	376	416	332	382	348	346	362	392	330	364	362	344	326	328	330	338	358	350	354	364	424	356	336	358	300	342	376	360	324	350	322	388	364	366	288	340	330	332	370	348	380	336	362	316	330	328	310	354	376	352	366	320	302	372	310	358	358	348	364	322	384	350	402	318	358	362	340	356	306	330	364	338	342	358	318	366	338	388	360	388	408	358	330	340	360	338	362	318	372	356	362	374	302	354	336	322	340	360	308	346	318	298	346	382	366
	324	378	364	342	376	408	332	382	346	346	362	392	330	364	362	344	326	326	330	338	358	350	354	362	424	356	336	358	300	342	376	360	324	350	322	388	364	366	288	340	330	332	370	348	380	336	362	316	330	328	310	354	374	352	366	318	302	372	310	358	358	348	364	322	384	350	400	318	356	360	340	356	306	330	364	334	336	358	318	364	334	388	360	388	408	358	330	340	358	338	362	318	372	356	360	374	302	354	334	322	340	360	308	344	316	298	346	382	366
	324	378	364	342	374	408	332	382	346	346	362	392	328	364	362	344	326	326	328	338	358	350	354	362	420	356	334	358	300	336	376	358	320	350	322	388	364	366	288	340	330	332	370	348	380	336	362	316	330	328	310	354	372	352	366	318	302	372	310	358	358	348	364	322	384	350	400	316	352	360	340	356	306	330	364	334	336	358	318	364	332	388	360	386	408	358	330	340	358	338	362	314	372	356	360	374	302	354	334	322	340	358	308	340	316	298	344	382	366
	324	378	364	342	374	408	330	382	344	346	362	392	322	364	362	342	326	322	328	338	358	350	354	352	418	356	334	358	300	336	376	358	318	348	322	388	364	366	288	340	330	332	370	348	380	336	362	316	330	328	310	354	372	352	364	318	298	372	308	356	358	348	364	322	384	350	398	316	350	360	340	356	306	330	364	334	336	356	318	362	332	388	356	386	408	358	330	340	358	338	362	314	372	354	360	374	302	352	334	322	336	358	308	340	316	298	344	382	366
	324	378	364	340	368	408	330	382	344	346	362	392	322	364	360	342	326	320	326	338	358	350	354	352	418	356	334	358	300	336	374	356	318	346	320	388	358	366	288	336	330	332	370	348	380	336	358	316	330	328	310	354	370	352	364	318	296	372	306	354	358	348	364	322	384	348	398	316	348	360	340	356	306	330	364	334	336	354	316	362	332	388	356	384	408	358	330	340	358	338	362	314	372	354	360	374	302	350	334	322	334	358	308	340	316	298	342	382	366
	324	378	364	340	368	404	330	382	342	346	362	392	322	364	360	342	326	316	326	338	358	350	352	350	416	356	334	358	300	334	372	356	318	342	320	388	358	366	288	334	330	332	370	348	380	336	358	314	330	328	310	354	370	352	364	318	296	372	306	354	358	348	364	322	384	348	396	314	344	360	340	356	306	330	364	334	336	354	316	362	332	384	356	384	408	358	330	338	358	338	362	314	372	354	360	374	300	350	334	320	332	358	308	340	316	298	342	378	366
	324	378	364	340	368	404	330	382	340	340	362	392	322	364	360	342	326	316	326	338	358	350	350	348	416	356	330	358	300	332	370	354	318	342	320	388	358	366	288	332	330	328	370	348	380	336	358	314	328	328	308	354	370	352	362	318	296	368	306	354	358	348	364	322	384	348	392	310	344	360	340	356	306	330	364	334	336	352	316	362	332	382	352	384	406	358	330	332	356	336	362	312	372	350	358	372	300	348	334	320	332	358	308	340	314	298	342	378	366
	322	378	362	340	368	402	330	382	340	338	360	392	322	364	354	342	326	316	326	338	354	350	350	348	414	356	330	358	300	332	370	352	318	338	320	388	356	364	288	330	330	328	370	348	380	336	358	314	328	328	308	354	370	352	362	318	296	368	306	350	358	348	364	322	384	348	390	310	344	358	340	352	306	330	364	334	336	350	316	362	330	382	352	384	406	358	330	330	350	336	362	312	372	350	356	372	296	348	334	320	332	358	306	340	314	298	342	378	366
	322	378	362	340	364	402	330	382	340	336	360	392	322	364	348	342	324	316	326	338	354	350	350	348	412	356	330	358	300	332	370	352	318	338	320	388	356	364	288	328	330	328	370	348	380	336	358	314	328	328	308	354	368	352	362	318	296	368	306	350	358	346	364	322	384	348	388	310	344	356	340	350	306	328	364	330	336	348	316	362	328	382	352	384	406	358	328	328	348	334	362	310	372	350	356	372	294	348	334	320	332	354	306	340	314	298	342	378	362
	322	378	362	340	364	402	330	382	340	334	360	390	320	364	348	342	324	314	326	338	354	350	350	348	412	356	324	358	300	332	370	352	316	338	320	388	356	364	288	328	330	328	370	348	380	336	356	314	328	328	308	354	366	348	360	318	296	366	306	344	358	346	364	322	382	348	388	310	344	356	340	348	306	328	364	330	336	348	316	362	328	382	352	384	406	358	328	328	346	332	358	310	372	350	356	372	294	344	334	320	332	354	306	340	314	298	342	378	362
	322	378	362	340	364	402	330	382	340	334	360	390	318	364	348	340	320	314	322	338	354	350	350	348	410	356	324	358	300	332	370	352	316	338	320	386	356	364	288	328	330	328	364	348	380	336	356	314	326	328	308	354	366	348	360	318	294	366	306	344	358	346	364	322	382	348	388	310	344	356	340	348	304	326	364	330	336	348	316	362	328	382	352	384	406	358	328	328	342	332	356	310	372	350	356	372	294	338	334	316	332	352	304	340	314	298	342	378	362
	322	378	362	340	364	402	330	380	340	334	360	390	318	364	348	340	318	314	322	338	354	348	350	348	410	356	324	358	298	332	370	352	314	338	320	386	356	364	288	328	328	328	364	348	378	336	356	312	326	328	308	354	366	348	360	318	294	366	306	342	358	342	364	322	378	348	388	310	344	356	340	348	304	326	362	330	336	348	312	362	328	382	352	384	406	358	328	328	338	332	356	310	372	350	356	372	294	336	334	316	332	350	304	340	314	298	342	378	360
	322	376	362	340	364	402	330	380	340	332	360	390	318	364	346	340	318	314	322	338	354	348	350	346	410	356	320	358	298	332	370	352	314	338	320	386	356	364	288	328	328	328	364	348	378	336	356	312	326	328	306	354	366	348	358	318	294	366	306	342	358	342	364	322	378	348	388	310	344	356	340	346	302	326	362	330	336	348	312	362	328	382	352	384	406	358	328	328	334	332	356	302	372	350	356	372	292	334	334	316	332	348	304	340	314	298	342	378	360
	322	376	362	340	364	402	330	380	338	332	360	390	318	364	346	340	316	314	322	338	354	348	350	346	410	356	320	358	298	332	370	352	314	338	320	384	356	364	288	328	328	328	364	348	378	336	356	312	326	328	306	354	366	348	356	318	294	366	306	340	358	342	364	322	378	348	388	310	344	356	340	346	302	326	362	330	336	348	312	362	328	382	350	384	406	358	328	328	332	332	356	298	372	348	356	372	292	334	334	316	328	346	304	334	314	298	342	378	360
	322	376	362	340	364	402	330	380	338	332	360	390	318	364	346	340	316	314	322	338	354	348	348	346	410	356	320	358	298	332	370	352	314	338	320	384	356	364	288	328	328	328	364	348	378	336	354	312	326	328	306	354	366	348	356	318	294	364	306	340	358	342	364	322	378	342	388	310	344	356	340	344	302	326	362	328	336	348	312	362	328	382	346	384	406	358	328	328	332	332	356	296	372	346	356	372	290	334	334	316	328	346	304	334	314	298	342	378	360
	322	374	362	340	362	402	330	378	338	332	360	390	318	364	346	338	314	314	322	336	352	348	348	346	410	356	318	358	298	332	370	352	312	338	320	384	356	364	288	328	328	328	364	348	378	336	354	312	326	328	306	352	366	348	356	318	292	364	306	340	358	342	364	322	378	340	388	310	344	354	340	344	302	326	362	328	336	348	312	362	328	382	346	384	406	356	328	328	330	332	356	294	372	346	356	372	290	334	334	316	328	346	304	334	314	296	342	378	360
	322	374	362	340	360	402	330	376	338	330	360	390	318	364	346	338	314	314	322	336	352	348	348	344	410	356	318	358	298	330	370	352	312	338	320	384	356	364	288	328	328	328	364	348	378	336	354	312	326	328	306	352	366	348	352	318	292	364	306	340	358	342	364	322	378	340	386	310	344	354	340	344	300	326	362	328	334	348	310	362	328	382	346	380	406	356	328	328	328	332	356	294	372	346	356	372	290	334	334	314	328	344	304	334	314	296	342	378	358
	322	374	362	340	356	402	330	374	338	330	358	390	318	364	346	338	312	310	322	334	352	348	348	344	410	354	318	358	298	330	370	352	310	338	320	384	356	364	288	328	324	328	364	348	378	334	354	312	326	324	306	352	366	348	352	318	290	364	306	338	358	342	364	322	378	340	384	310	344	354	340	344	300	326	362	328	334	348	310	362	328	382	346	380	406	356	328	328	326	330	356	292	372	346	356	372	290	334	334	314	328	344	304	334	314	296	342	376	358
	322	372	362	338	356	400	330	374	338	330	358	390	318	364	346	338	312	310	322	332	352	348	348	344	410	354	318	358	298	330	370	352	310	338	318	384	356	364	288	328	324	328	364	348	378	332	352	310	326	322	306	352	366	348	350	316	290	364	306	338	358	342	364	320	378	340	382	308	342	354	340	344	300	326	362	326	334	346	310	362	328	382	346	376	406	356	328	328	326	330	356	292	372	346	356	372	290	334	328	314	328	344	304	334	314	296	342	376	358
	322	372	362	338	352	400	328	374	336	330	358	390	318	364	346	338	312	310	322	332	352	348	348	344	410	354	318	358	298	330	370	352	308	338	318	384	356	364	288	328	322	328	364	348	378	332	350	310	326	322	306	352	366	348	350	316	290	364	306	338	358	342	364	320	378	340	382	304	342	354	340	344	300	324	362	326	334	346	310	362	328	382	346	374	406	356	328	328	326	330	356	292	372	346	352	372	290	334	328	314	328	342	304	332	314	296	342	376	356
	322	372	362	338	352	400	328	374	336	330	358	390	316	364	346	338	312	306	322	332	352	346	348	344	410	354	318	358	298	330	370	352	308	338	318	384	356	364	288	328	320	328	364	348	378	332	350	310	326	322	306	350	360	348	350	316	288	364	306	338	358	342	364	320	378	340	382	304	342	354	340	344	300	324	362	326	334	346	310	362	328	382	346	374	406	356	328	328	326	330	356	292	372	346	352	372	290	334	328	314	328	342	304	330	312	296	342	376	356
	322	372	362	338	352	398	328	374	336	330	358	390	316	364	346	338	312	306	322	332	352	346	348	344	410	354	316	356	298	330	368	352	308	338	318	384	356	364	288	328	318	328	364	344	378	332	350	310	326	322	306	350	360	348	346	316	286	364	306	338	358	342	364	320	378	340	382	304	342	352	340	344	300	324	362	326	334	346	310	362	326	382	346	374	406	356	326	328	326	328	356	292	372	346	352	372	290	334	328	312	328	342	304	330	306	296	342	376	356
	322	372	362	338	350	398	328	372	336	330	358	390	314	360	346	336	312	306	322	332	352	344	348	344	410	354	316	356	298	330	366	352	308	338	318	384	356	364	288	328	318	328	364	342	378	332	350	306	326	322	306	350	360	348	346	316	284	364	306	338	358	342	364	320	378	340	382	304	342	352	340	344	300	324	362	326	334	346	310	362	326	382	342	374	404	356	324	328	326	328	356	292	372	346	352	372	290	334	328	312	328	340	304	330	306	296	342	376	356
	322	372	360	334	348	396	328	368	334	328	358	390	314	356	346	336	312	306	322	332	352	342	348	344	410	354	316	356	298	330	364	352	308	338	318	384	356	364	288	328	316	328	364	342	376	332	350	304	326	322	302	350	360	348	344	314	284	364	306	338	356	342	364	320	378	340	382	304	342	350	340	344	300	324	362	326	332	344	310	362	326	382	340	374	404	356	324	328	326	328	356	290	372	346	352	372	290	334	328	312	328	340	304	326	306	296	342	376	356
	322	372	360	334	344	396	328	368	334	328	358	390	314	350	346	336	312	306	322	332	352	342	348	344	410	354	316	356	298	330	364	352	308	338	318	384	356	364	288	328	316	328	364	342	376	328	350	304	326	322	302	350	360	348	344	314	284	364	306	338	354	342	364	320	378	340	382	304	342	350	340	344	300	324	362	326	332	344	310	362	326	382	340	374	404	356	324	328	326	328	356	290	372	346	352	372	290	334	328	312	324	340	304	320	306	296	340	376	356
	322	372	360	330	344	396	328	368	334	328	358	390	314	350	344	334	312	306	322	332	352	342	348	344	410	354	316	354	298	330	364	352	308	338	318	384	356	364	288	328	316	326	364	342	376	328	350	304	326	322	302	350	360	348	344	314	284	362	306	336	354	342	364	320	378	340	382	304	342	350	340	344	300	324	362	324	330	344	308	362	326	382	338	374	404	356	324	328	326	328	356	290	372	346	352	370	290	334	328	312	324	338	304	320	306	296	338	376	356
	322	374	360	330	344	396	326	368	334	328	358	390	308	350	340	334	312	306	322	332	352	342	348	340	410	354	316	354	298	330	364	352	308	338	318	384	356	364	288	328	316	324	364	342	376	328	350	304	326	322	302	350	360	348	344	314	284	360	304	334	354	342	364	320	378	340	382	304	342	350	340	344	300	324	360	324	330	344	308	362	326	382	336	374	404	356	324	324	324	328	356	290	372	346	350	368	290	334	328	312	324	338	302	320	306	294	338	376	356
	322	372	360	330	344	394	326	368	334	328	358	390	308	350	340	334	310	306	322	332	352	342	348	340	410	354	316	354	298	330	364	352	308	338	318	384	356	364	288	328	316	324	362	342	376	324	350	304	326	322	302	350	360	348	342	314	284	360	304	334	354	342	364	320	378	340	382	304	342	350	340	344	300	324	360	322	330	342	306	362	326	382	334	374	404	356	324	324	324	328	356	290	370	346	350	368	290	334	328	312	324	338	302	320	306	292	336	376	356
	322	372	360	330	342	394	320	368	334	328	358	390	308	350	340	330	310	306	322	332	352	342	348	340	410	354	316	354	298	330	364	352	308	338	318	384	356	362	288	328	316	324	362	342	376	324	350	304	326	320	302	350	360	348	342	314	284	360	304	334	354	342	364	320	378	340	382	304	342	350	340	344	300	324	360	322	330	342	304	360	326	382	334	374	404	356	324	324	324	328	356	290	370	346	350	368	290	334	328	312	324	338	302	320	306	292	334	374	356
	322	372	360	330	342	392	314	368	334	328	358	390	306	350	340	328	310	306	322	332	350	342	346	338	410	354	314	354	298	330	364	350	308	338	318	384	356	362	288	328	316	322	360	342	374	322	350	304	326	320	302	350	360	348	340	314	284	360	304	334	354	340	364	320	378	340	382	304	342	350	340	344	300	324	360	322	330	342	304	360	326	382	334	374	404	356	324	324	324	326	356	290	370	346	350	368	290	334	328	312	324	338	302	320	306	290	334	374	356
	322	372	360	330	342	392	314	368	334	328	358	390	306	348	340	324	310	306	322	332	350	342	346	334	410	354	314	354	298	330	364	350	308	338	318	384	350	362	288	328	316	322	360	342	374	322	350	304	326	320	302	350	360	346	338	314	284	358	304	334	352	340	364	320	378	340	382	304	342	350	340	344	300	324	360	322	330	342	304	360	326	382	334	374	404	356	324	324	324	326	356	290	370	346	350	368	290	334	328	312	324	338	302	320	306	290	334	372	354
	322	372	360	330	342	392	310	366	334	328	358	390	306	346	340	320	310	306	322	332	350	342	346	334	410	354	314	352	298	330	364	350	308	338	318	384	350	362	288	328	316	322	358	342	374	322	350	304	326	320	298	350	360	346	334	314	284	358	304	334	352	340	364	320	378	340	382	304	342	350	340	344	300	324	360	322	330	342	304	360	326	382	334	374	404	356	322	324	324	326	356	290	370	346	348	366	290	334	328	312	324	338	302	320	304	290	334	372	354
	322	372	360	330	340	392	308	366	334	328	358	390	306	346	340	320	310	306	322	332	350	342	346	334	410	354	314	352	298	330	362	350	308	338	316	384	350	362	288	328	316	318	356	340	372	322	350	304	326	320	298	350	360	346	334	316	284	358	302	334	348	340	364	320	378	340	382	304	342	350	340	344	300	324	360	322	330	342	304	360	326	382	334	374	404	356	322	324	324	326	356	290	370	346	348	366	290	334	328	312	324	338	302	320	304	290	334	372	354
	322	372	360	330	340	392	308	360	334	326	358	390	306	346	340	320	310	306	322	332	350	342	346	334	410	354	314	352	298	330	362	350	308	338	314	384	348	362	288	328	314	318	356	340	372	322	350	304	326	320	296	350	360	346	334	316	284	358	302	332	346	340	364	320	378	340	382	304	342	350	340	344	300	324	360	322	330	342	304	360	326	382	334	374	404	356	322	324	320	326	356	290	370	346	348	366	290	334	328	312	324	338	302	320	304	290	334	372	354
	322	376	358	330	340	392	308	360	334	326	358	390	306	344	338	320	310	306	322	332	350	342	346	334	410	354	314	352	298	330	362	350	308	338	314	382	348	362	288	328	314	318	356	340	370	322	348	302	326	320	296	350	360	346	334	314	284	356	302	332	346	340	364	320	374	340	382	304	342	350	340	344	300	324	360	322	330	342	304	360	326	382	334	374	404	356	322	324	320	326	356	290	370	346	348	366	290	334	328	312	324	338	302	320	304	290	334	372	354
	322	372	358	324	340	390	306	360	334	326	358	390	306	342	338	320	310	306	322	332	350	342	346	334	410	352	314	348	298	330	362	350	308	332	314	382	348	362	288	328	314	318	356	340	366	322	348	302	326	320	296	350	360	344	334	314	282	356	302	332	346	340	364	320	370	340	382	304	342	350	340	344	300	322	358	318	330	342	304	360	326	382	334	374	404	356	322	324	320	326	354	290	370	346	348	362	290	334	328	312	324	338	302	320	304	290	334	372	354
	322	374	358	324	336	390	306	360	334	326	358	390	306	342	336	318	310	306	322	332	348	342	346	334	408	352	314	348	298	328	360	350	308	332	314	382	348	362	286	328	314	318	354	340	366	322	346	302	326	320	296	350	360	344	334	314	282	356	302	332	346	340	364	320	368	340	382	304	342	350	340	344	298	322	358	318	330	342	304	358	326	382	334	374	404	356	322	324	320	326	352	290	370	346	348	360	290	334	328	312	324	338	302	320	304	290	334	372	354
	322	372	358	324	334	390	306	360	334	326	358	390	306	340	336	318	310	306	322	332	348	342	346	334	408	352	314	348	298	328	360	350	308	332	314	382	346	362	286	328	314	318	354	340	364	322	346	302	326	320	296	348	360	344	332	314	282	356	302	332	346	340	364	320	366	340	382	304	342	350	340	344	296	322	358	318	330	342	304	358	326	382	334	374	404	354	322	324	320	326	350	290	370	346	346	360	290	334	328	312	324	338	302	320	304	290	334	372	354
	322	372	358	324	334	390	306	360	332	326	358	390	306	338	336	318	310	306	322	332	348	342	346	334	408	352	314	348	298	328	360	350	308	332	314	382	344	362	286	328	314	318	354	340	364	322	346	302	326	320	296	348	360	344	332	314	282	356	302	332	346	340	364	320	366	340	382	304	342	350	340	344	296	322	358	318	330	342	304	358	326	382	332	374	404	354	322	324	318	324	350	290	370	346	346	360	290	334	328	312	324	338	300	320	304	290	334	372	354
	322	374	358	324	334	390	306	360	332	326	358	390	304	336	336	318	310	306	322	332	348	342	346	334	408	352	314	348	298	328	360	348	308	332	314	382	344	362	286	328	312	318	354	340	364	322	346	302	326	320	296	348	358	344	332	314	282	356	302	332	346	340	364	318	366	340	382	304	342	350	340	344	296	322	358	318	330	342	304	354	326	382	332	374	404	354	320	320	318	324	350	290	370	346	346	360	290	334	328	312	324	338	300	320	304	290	334	372	354
	322	372	358	324	334	390	306	360	328	326	358	390	302	336	336	318	310	306	322	328	348	342	346	334	408	350	314	348	298	328	360	348	308	330	314	380	340	362	286	328	310	318	354	340	364	322	346	302	326	320	296	348	358	338	332	314	282	356	302	332	346	338	364	316	366	340	380	304	342	350	340	344	296	322	358	318	330	342	304	354	326	382	332	374	404	354	320	320	318	320	350	290	370	346	346	360	290	334	328	312	324	338	300	320	304	290	334	372	354
	322	374	358	324	334	390	306	356	328	326	354	390	302	336	334	318	308	306	322	328	348	342	346	332	408	348	314	348	298	328	360	348	308	328	314	380	340	362	286	328	310	318	354	340	364	322	346	302	326	320	296	346	356	338	332	314	282	356	302	332	346	338	364	316	366	340	380	304	342	350	340	344	296	322	358	318	330	342	304	354	326	382	332	374	404	354	320	320	318	318	350	290	370	346	346	360	290	332	328	312	324	338	300	320	304	290	334	372	354
	322	376	358	324	334	390	306	354	328	326	354	390	300	336	334	316	308	304	322	328	348	342	346	332	408	348	314	348	298	328	360	348	308	328	314	380	338	362	284	328	310	318	354	340	364	322	346	302	326	320	296	346	356	334	332	312	282	356	302	332	346	338	364	316	366	340	380	304	342	350	340	344	296	322	358	318	330	342	304	354	326	382	332	374	404	354	318	320	318	318	350	290	370	346	344	360	290	332	326	312	324	338	300	320	302	290	334	372	354
	322	374	358	324	334	390	304	352	328	326	354	390	300	336	334	316	306	304	322	328	348	342	344	326	408	348	314	348	298	328	360	348	308	328	314	380	338	362	280	328	310	318	354	340	364	322	346	302	326	320	294	346	356	334	332	312	282	356	302	332	346	338	364	314	366	340	380	304	342	348	340	344	296	322	358	318	330	342	304	354	326	382	332	374	404	354	318	320	318	318	350	290	370	346	344	360	290	332	326	312	324	338	300	320	302	290	334	370	354
	322	374	358	324	334	388	304	350	328	326	352	390	300	336	334	316	306	304	322	328	348	342	344	324	408	348	314	348	298	328	360	348	308	328	314	380	338	362	280	328	310	318	354	340	364	322	346	302	326	320	294	346	356	334	332	312	282	356	302	332	346	338	364	312	366	340	380	304	342	348	340	344	296	322	358	318	330	342	302	354	326	382	332	374	404	354	318	320	318	318	350	290	370	346	344	360	290	332	326	312	322	338	300	320	302	290	334	370	354
