	0	0	0	0	0	0	0	0	0	0	0	0	0	0	0	0	0	0	0	0	0	0	0	0	0	0	0	0	0	0	0	0	0	0	0	0	0	0	0	0	0	0	0	0	0	0	0	0	0	0	0	0	0	0	0	0	0	0	0	0	0	0	0	0	0	0	0	0	0	0	0	0	0	0	0	0	0	0	0	0	0	0	0	0	0	0	0	0	0	0	0	0	0	0	0	0	0	0	0	0	0	0	0	0	0	0	0	0	0
	1616	1650	1632	1554	1588	1618	1588	1586	1586	1592	1586	1598	1630	1626	1618	1614	1578	1670	1620	1658	1636	1646	1640	1640	1588	1672	1620	1650	1652	1552	1632	1584	1630	1634	1564	1630	1664	1614	1576	1642	1646	1654	1594	1580	1576	1678	1618	1608	1606	1564	1654	1632	1580	1600	1600	1660	1644	1628	1638	1634	1600	1636	1568	1602	1632	1582	1578	1562	1640	1624	1624	1646	1586	1650	1626	1616	1620	1600	1648	1660	1624	1594	1554	1632	1638	1638	1638	1642	1610	1604	1602	1592	1600	1610	1616	1682	1656	1652	1616	1648	1576	1670	1616	1632	1624	1656	1628	1532	1598
	1286	1254	1202	1214	1268	1268	1268	1210	1238	1284	1276	1214	1270	1256	1312	1296	1260	1246	1278	1326	1254	1288	1266	1268	1264	1260	1232	1282	1238	1270	1248	1266	1264	1242	1234	1258	1266	1296	1230	1286	1236	1242	1258	1222	1238	1306	1242	1268	1264	1222	1296	1246	1238	1260	1218	1302	1278	1226	1284	1226	1242	1246	1206	1280	1244	1240	1268	1244	1274	1240	1274	1298	1274	1300	1256	1284	1250	1200	1278	1260	1260	1252	1234	1248	1280	1260	1254	1298	1310	1284	1272	1292	1254	1218	1232	1356	1242	1292	1264	1282	1214	1302	1274	1248	1218	1306	1244	1168	1250
	1134	1064	1068	1028	1134	1128	1134	1086	1098	1136	1104	1070	1126	1066	1166	1110	1084	1064	1124	1158	1142	1126	1084	1098	1110	1106	1050	1084	1088	1148	1062	1130	1142	1060	1092	1144	1128	1120	1112	1110	1058	1088	1092	1076	1096	1102	1080	1110	1086	1100	1120	1102	1090	1092	1086	1140	1102	1072	1144	1064	1078	1130	1080	1130	1082	1084	1120	1090	1084	1072	1100	1088	1110	1154	1112	1130	1084	1058	1084	1110	1104	1108	1084	1084	1136	1116	1084	1120	1152	1126	1142	1150	1106	1070	1086	1174	1082	1138	1096	1108	1108	1114	1146	1070	1084	1150	1108	1022	1080
	1052	994	1000	932	1032	1010	1032	1016	1022	1042	996	966	1002	978	1080	1002	1018	992	1014	1040	1038	1044	1000	982	1016	998	966	1016	1024	1012	972	984	1028	996	996	1040	998	1002	1056	988	984	998	1002	990	1012	1010	982	1036	986	1024	1020	1016	1012	994	994	1060	988	976	1044	972	988	1032	990	1038	988	980	1032	1010	968	1014	1004	978	1042	1064	1020	1050	990	976	988	1022	974	1016	996	988	1012	1036	1014	1034	1056	1046	1062	1058	1026	1010	1040	1072	984	1030	990	998	1040	1016	1038	986	970	1022	1018	944	992
	970	956	934	880	974	944	974	960	970	964	914	912	928	908	998	946	976	946	974	960	986	970	928	910	960	902	928	952	956	928	928	906	948	910	926	968	932	912	980	910	928	936	960	904	942	932	926	994	914	968	956	942	946	912	936	992	904	896	1002	914	910	942	936	964	890	918	984	964	912	940	946	886	998	1002	958	982	932	924	936	954	886	954	942	932	930	962	964	1002	990	978	994	984	988	960	978	1014	922	978	920	928	996	944	948	918	904	956	942	900	946
	910	902	906	846	918	876	918	922	918	900	866	898	880	864	944	902	924	910	930	906	948	888	898	864	898	856	884	894	926	896	896	864	890	854	872	930	870	842	936	872	888	868	938	840	906	870	872	964	874	936	930	902	918	866	870	930	838	860	952	882	882	882	880	914	838	898	938	916	866	880	912	844	948	964	908	938	910	882	888	888	834	902	902	874	884	902	916	964	938	918	922	924	946	898	944	950	860	936	868	872	936	906	898	870	860	892	912	882	902
	880	868	866	822	852	850	852	882	900	860	818	876	840	844	904	862	872	866	896	880	920	836	850	832	844	818	854	862	910	860	870	836	840	818	840	878	832	816	900	846	848	828	902	806	878	826	838	908	836	904	914	840	898	852	838	884	806	830	918	856	854	844	844	878	790	870	892	888	846	852	868	812	924	924	896	884	874	830	870	852	790	878	876	840	834	856	872	928	894	884	890	884	924	886	920	886	820	914	836	836	886	870	864	824	826	844	882	858	860
	844	850	820	792	806	822	806	862	878	830	774	864	814	808	848	842	836	832	880	844	852	806	816	808	810	790	832	820	870	824	856	814	808	782	804	830	800	780	878	824	816	796	878	772	832	788	808	892	806	876	906	812	858	822	804	850	768	802	900	818	828	816	814	850	768	820	858	852	834	818	824	800	916	904	866	852	846	814	850	830	758	854	848	808	802	834	850	886	858	842	842	844	892	860	876	832	770	896	802	804	864	834	840	782	792	810	854	842	844
	812	822	788	772	784	800	784	846	846	804	750	842	802	782	818	824	802	814	838	816	818	782	794	790	788	772	814	796	854	776	832	800	774	762	784	806	782	756	834	794	798	752	838	754	794	760	780	868	794	858	890	784	822	802	762	824	744	790	878	784	796	778	782	830	752	798	830	838	810	798	790	776	894	884	832	806	820	788	822	804	740	806	836	778	780	798	808	874	836	822	816	802	872	832	848	796	750	874	782	786	838	800	816	740	762	790	824	806	818
	794	800	776	750	764	774	764	824	820	778	732	816	794	758	796	796	778	792	814	804	806	756	766	772	774	764	806	758	840	734	810	792	760	746	752	792	746	742	810	764	766	738	814	736	778	748	764	834	764	832	874	766	812	780	740	806	720	778	850	772	772	754	760	814	738	774	812	820	796	782	758	748	876	878	812	792	806	762	784	798	720	780	830	764	764	792	778	856	818	806	790	762	846	808	816	774	726	852	762	758	808	778	796	718	736	776	802	784	782
	780	774	772	740	732	768	732	802	804	770	714	798	782	720	770	774	760	780	802	798	786	726	744	762	760	738	798	724	824	720	784	772	742	738	742	776	726	726	788	732	748	716	786	724	770	742	750	800	732	818	848	734	800	770	726	790	706	778	830	756	762	748	738	786	728	764	798	802	776	760	744	740	848	848	792	778	780	748	772	770	708	772	822	754	756	774	764	836	808	788	768	746	832	798	794	754	720	834	730	750	790	762	770	700	718	766	782	760	762
	754	766	760	726	712	752	712	796	800	750	700	778	774	696	754	754	748	776	786	780	772	698	724	742	740	736	778	700	796	696	774	760	732	720	736	744	700	712	766	720	736	702	742	708	756	734	738	770	718	804	838	720	774	752	722	780	676	756	826	738	746	734	724	784	722	746	790	778	764	746	736	724	816	836	778	760	768	724	764	742	696	762	810	748	736	770	740	812	784	772	750	734	824	790	782	744	708	812	710	744	772	752	746	692	704	754	768	756	746
	744	752	742	720	692	748	692	792	790	738	690	768	758	684	752	750	736	774	762	750	758	692	706	738	712	724	752	688	786	684	766	750	722	696	724	718	694	698	760	698	726	690	722	696	738	716	712	752	698	794	826	710	746	742	712	764	676	736	824	716	738	718	710	776	712	732	776	750	740	732	712	708	808	826	760	750	754	716	756	724	692	758	798	732	714	764	730	796	768	758	744	726	816	780	770	726	706	798	704	734	752	734	732	680	680	740	758	752	716
	736	746	724	716	680	744	680	768	774	726	676	748	742	676	740	738	714	772	742	740	730	682	696	720	700	708	728	678	776	668	760	736	706	686	724	708	688	688	734	696	722	680	714	686	724	702	686	730	684	774	812	700	716	730	698	748	668	730	814	700	720	712	698	768	706	714	758	726	720	718	694	702	794	800	732	732	754	700	748	722	678	748	780	714	696	744	712	774	744	750	730	714	802	770	768	720	690	772	694	732	748	708	720	668	672	734	740	750	704
	722	738	718	710	664	734	664	746	750	706	672	736	720	666	728	736	704	770	732	736	702	676	686	714	694	696	712	674	762	660	750	724	692	684	724	696	678	682	720	688	718	678	708	668	710	692	678	720	666	772	796	696	708	726	680	740	652	724	798	690	710	708	690	750	702	700	750	716	710	706	688	680	784	772	710	724	742	684	736	716	674	736	774	710	682	730	702	758	718	740	720	692	788	764	750	714	674	762	688	722	744	696	714	662	664	730	734	746	696
	710	720	712	694	646	730	646	728	736	700	668	732	714	646	720	734	702	768	730	728	686	668	676	708	688	688	702	664	748	650	742	710	684	678	720	690	670	674	710	682	710	668	698	660	700	686	664	686	656	766	786	684	698	720	676	722	648	720	788	680	698	704	684	744	694	684	744	704	702	694	678	670	776	760	692	716	738	672	730	712	668	720	774	704	672	726	690	748	702	736	710	682	780	754	744	706	664	752	672	718	736	680	698	654	654	718	730	738	682
	702	700	710	690	630	718	630	714	726	686	662	716	710	638	710	734	690	756	730	716	680	660	672	700	678	680	698	662	734	648	738	694	678	664	718	688	660	668	702	672	706	666	690	654	688	678	660	678	642	758	774	680	692	720	672	714	646	708	784	666	696	698	676	738	688	676	736	690	696	688	670	660	768	748	682	710	728	668	726	708	666	700	768	702	664	718	680	738	680	724	698	676	762	746	742	688	654	736	658	712	734	668	688	650	644	708	722	730	662
	692	678	696	684	628	710	628	706	724	672	650	712	708	634	700	732	678	742	724	712	674	654	668	678	670	672	694	656	712	648	730	682	664	664	714	678	652	664	698	668	704	664	670	654	676	674	652	666	638	752	766	674	684	714	662	690	640	702	766	658	692	692	672	716	684	666	730	680	688	682	662	652	760	742	672	696	720	656	720	708	658	680	758	698	660	714	662	728	650	714	690	676	748	740	738	680	640	714	652	706	724	654	686	640	632	706	710	728	660
	684	658	680	678	620	704	620	686	716	666	640	710	702	628	692	722	672	736	718	698	666	642	648	668	668	668	690	652	700	644	730	670	656	654	714	672	644	658	696	664	696	662	666	644	672	674	638	656	634	746	758	666	674	706	652	672	632	700	746	646	686	686	666	704	678	654	726	664	682	676	650	644	752	740	662	686	714	652	716	702	648	674	754	690	660	694	646	714	630	702	684	670	742	730	734	678	634	692	644	698	714	648	676	636	602	702	698	716	650
	680	642	672	672	610	702	610	682	714	654	638	704	700	620	682	720	670	730	712	692	660	636	644	662	660	662	688	648	694	640	728	662	650	648	710	666	638	656	690	656	684	656	660	628	668	674	628	640	624	728	742	666	672	704	642	660	622	692	738	644	674	678	658	694	676	648	720	662	682	676	634	634	736	722	656	680	700	640	712	698	644	664	752	686	658	684	636	706	622	696	670	662	734	730	732	672	618	680	632	690	708	642	672	632	598	692	684	712	650
	678	628	666	672	596	694	596	674	704	646	638	698	698	618	676	710	650	726	708	686	658	636	640	652	660	656	684	644	690	624	714	662	644	644	706	660	636	656	684	656	674	648	654	616	666	674	620	636	612	708	734	658	666	698	636	658	614	686	724	632	672	676	648	688	672	644	716	656	678	670	626	622	722	710	648	672	686	636	710	690	636	656	752	676	648	674	628	696	616	690	666	654	724	720	718	664	606	672	626	682	696	630	668	622	584	684	682	710	646
	664	628	654	664	590	692	590	666	702	638	634	692	698	606	668	702	648	722	690	676	652	632	632	648	658	654	684	644	688	618	714	654	640	644	700	650	636	650	678	652	670	644	646	604	666	662	620	636	612	700	728	646	660	690	632	638	608	680	716	630	670	674	636	684	664	642	710	650	672	668	620	618	718	698	644	668	682	630	702	690	630	652	752	664	642	666	618	684	608	676	662	650	692	718	700	656	598	660	620	668	696	626	652	604	578	668	676	706	642
	662	626	650	652	584	688	584	656	696	634	624	682	692	604	664	702	646	716	678	670	648	632	628	634	658	646	682	644	684	606	710	648	630	638	694	646	636	646	676	650	666	638	644	602	664	662	614	630	612	688	714	642	658	688	626	636	606	678	708	620	666	672	630	680	658	640	706	634	672	658	614	610	702	692	640	660	678	624	692	686	630	636	738	656	638	658	618	680	604	666	652	648	682	716	690	652	592	656	616	664	680	620	648	594	568	652	664	698	640
	654	622	646	648	578	682	578	652	690	632	616	678	690	594	662	702	642	706	676	670	642	630	618	628	650	640	680	642	682	600	710	644	618	628	688	634	636	644	672	644	656	622	642	596	656	660	604	624	606	682	710	640	656	684	616	632	600	664	690	614	658	672	628	676	656	638	690	632	670	652	608	610	686	680	640	654	678	620	688	684	630	626	728	656	636	656	616	666	604	660	650	636	670	710	688	648	592	654	608	660	676	612	638	590	566	650	662	690	640
	650	612	646	644	578	678	578	642	680	628	614	672	686	590	658	702	630	696	658	670	630	628	604	624	646	636	680	642	682	594	702	640	608	624	680	632	634	638	668	642	648	616	636	596	654	656	598	624	602	676	704	632	652	680	612	632	600	662	668	608	654	662	628	676	652	634	672	630	664	646	606	606	676	666	638	650	670	618	682	682	624	618	710	642	628	646	604	648	602	658	646	628	670	706	678	636	590	654	602	658	674	604	634	584	564	644	656	690	640
	648	606	636	642	568	674	568	636	676	626	612	660	682	588	650	700	622	694	652	660	618	626	598	624	646	632	678	640	682	592	698	640	598	616	680	620	632	634	664	638	646	612	636	592	654	656	590	620	598	670	698	628	650	680	612	630	596	656	660	604	644	648	622	674	644	630	662	626	656	634	604	604	668	662	636	648	670	616	678	678	618	614	702	636	616	640	592	624	596	656	634	620	666	704	676	630	590	652	600	658	662	600	634	582	560	642	654	674	632
	644	606	634	638	566	672	566	634	674	622	610	658	682	588	650	694	620	692	644	654	616	624	596	624	644	630	678	638	682	586	692	636	590	614	668	612	628	632	664	638	646	606	628	592	652	650	578	616	598	666	692	628	648	678	612	626	596	642	650	598	642	640	620	668	634	628	654	622	656	628	600	600	664	660	634	644	664	616	672	674	618	606	696	630	606	638	588	612	594	644	628	620	664	704	676	628	586	644	598	654	658	584	630	580	558	642	652	674	632
	644	606	630	628	566	670	566	624	672	614	610	658	682	586	644	692	614	682	634	638	604	618	596	610	642	626	678	636	674	582	692	630	582	614	668	610	622	620	664	636	644	606	620	590	652	650	572	612	598	660	684	624	648	674	610	620	592	634	642	594	638	634	606	664	630	624	652	616	654	628	596	600	662	660	626	638	660	614	668	666	608	596	686	630	606	634	582	612	588	634	624	614	660	694	676	622	584	640	594	654	654	580	626	576	554	638	648	668	630
	636	602	628	620	562	670	562	620	668	602	602	658	682	580	640	684	610	682	626	632	598	612	592	608	632	618	674	634	668	578	690	630	578	614	662	606	622	614	664	622	644	604	618	590	650	650	572	606	598	656	674	624	644	668	604	614	590	622	634	590	630	626	600	656	624	622	648	614	652	624	596	598	658	660	618	638	656	614	660	662	606	592	682	626	604	624	576	608	584	630	616	610	660	684	676	616	582	626	594	650	654	578	618	576	542	632	648	666	630
	628	602	624	618	562	666	562	618	664	598	602	656	676	580	634	684	608	678	622	632	592	610	590	600	632	616	674	632	668	570	688	630	576	610	658	604	612	612	660	616	642	602	616	586	644	650	572	600	598	654	666	618	642	660	602	610	590	618	622	590	624	622	590	656	618	622	646	608	650	616	590	598	656	656	606	638	656	612	656	654	604	586	674	622	602	610	574	602	574	626	612	610	656	682	674	616	578	626	594	646	654	574	612	574	540	628	644	662	630
	626	600	624	618	562	664	562	618	662	596	602	654	668	580	626	684	608	676	612	628	592	608	590	600	624	614	674	630	668	568	684	626	576	604	656	598	610	608	660	608	638	600	614	582	640	650	568	598	592	654	662	612	642	654	598	606	590	612	620	588	620	620	590	652	614	616	644	594	640	604	586	592	650	652	596	636	652	610	654	652	600	586	674	622	598	606	570	602	574	622	610	608	656	678	672	614	578	622	592	646	654	568	608	574	538	616	644	650	624
	618	594	624	614	560	658	560	616	658	596	598	648	664	576	622	684	608	674	606	626	588	608	588	600	620	614	674	630	668	566	680	620	572	602	656	598	608	606	658	606	630	594	614	578	638	648	566	596	592	652	656	610	640	648	598	604	590	608	616	576	620	618	590	652	610	614	640	592	638	604	586	592	634	648	596	636	644	608	644	652	600	582	660	622	598	606	566	598	564	620	610	606	654	668	672	614	576	616	590	642	652	558	598	574	534	608	644	646	622
	616	586	624	608	560	654	560	612	648	594	594	638	664	576	618	682	604	672	600	616	588	604	586	598	612	612	668	630	662	566	680	612	570	602	656	598	606	606	648	606	624	594	612	572	638	648	552	596	588	652	648	610	640	642	594	604	590	596	610	570	616	616	588	650	606	610	628	578	634	602	586	582	634	646	592	636	644	604	642	648	600	580	650	614	594	602	566	594	564	620	610	604	654	656	672	612	576	612	590	632	650	550	594	574	534	606	644	644	622
	616	582	620	608	560	654	560	612	646	590	594	630	664	568	618	678	604	672	600	614	584	602	584	592	612	608	666	626	660	562	674	606	570	598	656	598	604	602	640	600	620	592	608	568	638	644	542	592	582	650	642	608	638	640	592	602	588	594	610	564	614	616	586	650	598	608	622	568	634	600	586	578	632	636	588	636	644	604	640	646	596	580	646	608	590	602	562	592	562	618	608	602	652	648	668	612	572	612	590	630	650	550	584	574	530	604	644	642	620
	616	578	616	604	558	654	558	610	646	588	592	628	662	568	618	678	602	672	594	614	584	598	578	588	610	600	666	624	660	562	672	600	562	590	656	598	604	596	636	598	620	590	608	560	636	644	532	586	578	650	642	606	636	638	592	596	586	586	608	564	608	610	582	638	596	608	622	558	632	598	586	574	616	636	588	636	644	600	640	640	590	570	644	608	586	600	558	590	562	616	600	602	650	642	662	612	570	606	588	624	644	544	584	572	526	592	640	638	620
	612	574	614	600	558	654	558	606	642	582	592	626	656	564	614	676	596	670	590	614	584	594	576	586	610	598	666	624	658	562	670	600	550	590	652	598	604	594	632	598	616	588	604	558	634	642	532	580	578	644	642	604	632	636	590	596	586	582	606	560	600	604	578	634	594	608	622	556	630	598	582	570	610	636	584	636	634	598	638	640	588	562	644	606	586	600	558	590	560	614	596	600	648	628	656	612	566	606	586	622	644	542	584	570	526	584	640	630	620
	610	574	610	600	556	654	556	604	640	580	588	622	652	562	610	676	596	662	586	608	582	586	570	586	610	598	662	620	658	560	664	596	548	586	650	598	604	592	624	594	616	588	602	556	634	640	528	580	574	644	640	604	626	632	590	596	584	576	606	558	596	602	578	634	594	608	622	554	628	598	580	568	610	636	574	634	628	594	636	640	586	554	642	606	586	600	556	590	554	604	596	594	644	622	654	612	566	604	584	616	644	542	572	564	522	572	640	628	612
	610	572	610	600	556	654	556	604	638	578	588	622	652	562	610	676	594	656	580	606	582	582	570	582	606	596	662	618	656	560	662	596	546	586	638	598	602	592	622	590	614	588	598	554	634	638	526	578	574	644	624	604	624	630	590	596	582	576	606	558	596	602	572	634	592	608	622	554	628	596	578	562	608	634	564	634	628	590	636	640	582	554	642	604	586	600	554	588	554	600	594	594	644	614	654	612	562	594	584	614	644	542	568	564	522	570	636	624	608
	610	566	606	600	556	654	556	602	636	576	588	622	652	554	610	676	594	650	578	600	582	582	570	580	604	596	660	618	656	560	656	596	542	586	638	598	602	590	616	586	614	586	598	548	634	638	522	576	574	644	622	604	616	630	590	596	578	570	606	556	594	602	572	630	582	608	614	548	626	594	576	548	606	630	562	634	626	590	630	640	578	548	640	604	580	596	548	584	550	598	590	592	644	612	648	612	562	580	584	612	640	540	566	562	522	566	636	624	606
	604	564	604	596	552	650	552	600	632	570	586	614	648	550	610	664	594	650	572	598	582	582	570	580	604	596	660	618	650	560	656	596	540	580	638	596	602	590	614	580	614	586	596	540	634	634	522	576	562	642	622	604	610	628	586	596	572	568	606	554	592	602	570	630	576	608	614	548	626	590	562	548	604	622	558	630	626	588	622	638	576	542	640	602	580	596	548	584	548	594	584	588	640	606	646	610	562	566	580	608	640	538	564	562	522	566	634	624	604
	602	556	600	596	550	650	550	600	628	562	586	614	648	550	608	662	594	650	570	592	578	582	570	578	604	594	660	618	648	560	654	596	538	580	638	594	600	590	608	576	608	584	592	530	634	622	522	574	562	640	622	604	606	618	580	596	566	558	606	554	592	602	568	630	576	608	614	544	626	590	562	540	600	618	558	630	626	584	614	636	572	540	640	602	580	590	548	584	548	594	584	584	638	602	646	608	562	566	580	602	638	534	562	560	522	566	632	624	600
	600	556	598	594	550	650	550	600	628	560	582	614	644	548	600	662	594	648	566	588	576	582	570	574	604	594	660	618	646	560	650	592	536	574	636	594	600	590	608	572	608	580	592	526	634	616	520	568	554	640	618	604	604	608	576	596	560	558	606	554	592	596	566	624	576	606	612	544	624	588	552	536	600	614	558	630	626	576	612	634	570	540	640	600	580	590	548	584	548	586	584	582	638	602	646	606	562	562	580	600	638	534	558	560	518	566	632	624	596
	600	550	598	590	548	650	548	598	628	560	580	614	644	548	600	662	590	648	566	586	574	582	568	566	604	594	658	616	636	558	650	590	532	574	632	594	600	590	604	568	608	576	592	524	634	616	520	568	554	640	618	604	604	604	574	594	558	556	604	550	592	594	566	622	576	602	612	544	624	588	550	532	600	606	554	630	626	572	606	634	568	532	640	598	580	590	548	580	548	582	580	580	634	598	644	606	562	562	580	594	638	534	558	558	518	566	632	624	592
	598	544	598	590	548	650	548	596	628	560	578	614	642	548	598	662	590	642	562	586	570	582	568	566	600	594	656	616	632	556	648	586	530	574	632	594	600	588	602	564	608	568	588	514	634	616	520	566	552	640	618	604	604	598	574	590	554	556	604	550	592	594	564	622	570	602	612	544	622	586	550	528	598	604	554	626	626	572	602	634	566	522	640	598	580	590	546	580	548	580	580	576	634	598	644	606	562	562	576	594	630	534	558	556	518	564	630	622	590
	594	542	596	590	542	648	542	596	628	558	578	612	642	546	598	656	588	640	560	584	562	580	568	564	594	594	652	612	632	556	648	576	528	574	632	594	600	578	602	560	606	568	588	512	634	614	520	564	552	638	618	604	604	598	574	590	552	556	604	548	592	594	564	620	568	602	612	544	622	586	550	528	598	602	554	624	626	572	602	634	564	520	640	596	576	588	542	578	548	578	580	570	628	596	644	606	560	558	574	594	630	534	558	556	516	562	628	610	580
	594	532	592	590	532	648	532	596	628	558	578	602	632	546	598	654	584	640	552	582	560	580	564	562	594	594	644	608	632	556	644	576	524	568	628	594	600	578	602	560	606	564	582	510	634	614	520	562	552	636	616	604	604	592	574	588	552	556	600	546	590	592	560	618	564	602	610	538	622	584	550	528	598	602	552	622	624	570	600	632	564	520	638	596	576	588	542	578	548	576	580	570	626	596	642	600	560	556	574	594	628	532	558	556	514	562	628	610	578
	594	532	590	590	532	646	532	596	628	558	576	594	630	546	598	650	576	636	550	582	560	574	564	560	592	588	644	606	626	556	638	574	524	568	624	594	600	578	598	558	604	564	582	508	634	614	516	556	548	632	616	604	594	584	570	584	552	550	598	544	582	592	560	614	564	602	610	534	622	584	550	526	596	600	548	620	622	570	596	632	564	520	638	594	574	588	540	576	546	568	580	570	626	594	642	600	556	550	572	594	628	526	558	550	508	560	626	610	578
	586	532	590	588	530	646	530	596	628	558	574	592	630	540	598	650	576	636	548	582	558	574	564	558	592	584	644	606	618	556	632	574	524	566	620	592	600	578	596	556	600	564	578	506	634	612	516	554	548	632	612	604	592	578	570	584	552	550	596	544	582	592	560	612	564	600	610	530	622	584	546	526	596	594	548	620	622	570	596	630	564	520	638	592	574	588	538	576	546	568	580	570	626	590	638	598	552	550	570	592	624	526	556	548	508	558	626	610	576
	584	532	590	588	530	646	530	596	628	558	570	590	626	540	598	650	576	636	548	582	558	574	564	558	590	584	642	606	618	556	632	574	520	566	618	588	600	578	596	554	598	564	576	506	634	612	514	550	544	630	612	604	592	576	568	584	552	548	596	538	582	590	560	612	564	598	610	522	620	578	546	526	596	592	548	620	622	570	596	626	564	520	634	592	574	588	532	572	546	562	578	570	624	588	636	598	550	548	570	588	620	524	556	548	506	558	626	606	572
	584	532	590	588	530	644	530	596	628	554	570	586	626	532	598	648	570	636	546	582	558	574	564	558	586	584	642	606	618	556	628	570	520	560	616	584	600	578	594	550	592	564	566	506	634	612	514	550	538	622	612	604	592	570	568	584	548	548	594	538	582	590	560	606	564	594	610	522	620	576	546	526	596	592	548	620	622	568	596	626	564	520	624	592	574	588	526	572	546	560	578	566	624	586	634	598	548	546	568	586	618	524	556	544	506	558	626	600	568
	584	530	590	588	530	640	530	596	628	554	570	578	626	530	594	646	570	628	544	582	558	574	564	558	586	584	640	606	614	552	626	566	520	558	616	584	598	578	594	550	588	564	564	506	634	612	512	550	536	620	610	604	588	564	568	584	546	548	592	536	580	586	560	604	564	592	610	520	620	574	542	524	596	592	548	620	620	566	596	626	564	520	622	592	572	588	524	572	546	554	576	564	624	582	634	598	546	542	568	582	612	524	554	544	506	558	626	600	566
	582	530	590	584	526	638	526	596	628	552	570	568	622	526	594	644	570	626	544	582	558	570	564	558	584	584	640	604	614	552	620	562	520	554	614	580	598	578	580	550	588	560	564	504	634	604	510	550	536	612	604	604	586	562	568	584	544	538	592	536	572	586	560	604	564	586	610	518	620	574	542	522	596	590	548	620	618	564	592	626	562	520	622	592	570	586	518	572	546	554	576	564	622	578	634	598	542	538	566	576	612	520	554	544	506	554	626	600	566
	574	524	590	584	526	636	526	596	624	550	570	566	620	526	594	644	570	626	544	582	558	568	564	558	584	584	640	598	612	552	620	562	520	554	610	578	598	578	576	548	588	558	564	502	634	604	510	548	536	612	604	604	578	560	568	584	540	534	592	536	572	586	560	604	564	582	610	518	620	574	540	520	596	590	546	620	618	560	592	626	562	520	620	592	568	586	516	572	546	554	570	562	620	574	634	598	540	534	566	576	612	520	552	542	506	550	626	598	566
	570	522	590	580	524	634	524	596	624	550	570	566	620	526	594	644	570	626	538	578	558	566	564	558	580	582	640	596	612	552	620	562	520	552	610	578	598	572	572	542	588	554	564	502	632	606	508	548	534	612	604	604	576	560	568	578	534	530	592	536	570	586	558	604	564	582	610	518	616	574	540	520	594	590	544	620	616	560	592	626	562	520	618	590	568	586	512	572	546	552	566	560	618	572	634	598	540	534	566	572	612	520	552	540	506	550	626	594	566
	566	522	590	580	524	634	524	596	624	550	570	566	616	526	592	642	568	624	538	578	558	566	564	558	574	582	640	590	608	548	618	562	520	550	610	578	596	572	572	536	588	554	564	502	630	604	506	548	532	610	604	604	576	560	568	578	528	526	590	536	566	580	558	602	560	580	610	518	616	574	540	520	590	588	544	620	616	558	590	626	560	518	616	590	566	586	512	572	544	552	566	554	614	572	634	598	540	532	566	566	612	520	550	534	504	542	622	594	566
	566	522	590	576	522	630	522	596	624	548	570	566	614	524	588	642	568	618	536	578	558	562	564	558	570	582	640	590	608	548	618	562	520	550	610	578	596	570	568	534	588	550	564	502	630	604	502	548	532	602	604	604	574	558	568	578	528	524	590	534	562	580	558	602	560	578	610	518	616	574	540	520	588	584	540	620	614	558	590	622	558	516	616	590	556	586	510	572	542	552	566	552	610	566	634	598	538	528	566	564	612	520	548	526	504	538	622	594	566
	566	522	590	576	522	628	522	596	620	548	570	564	614	520	584	642	566	616	530	578	558	562	564	558	566	578	640	590	608	546	618	562	520	550	610	578	596	566	566	534	588	550	564	496	630	608	502	548	532	602	604	604	574	554	568	578	528	522	590	534	556	578	552	602	558	578	610	514	616	574	540	512	588	582	540	620	608	556	586	622	558	514	616	588	552	586	508	572	538	552	566	552	608	562	634	598	538	526	566	560	608	520	548	526	502	534	622	594	562
	566	522	590	576	522	620	522	594	620	548	570	564	614	520	578	642	566	614	530	578	558	558	564	558	562	576	640	590	606	546	612	562	520	550	610	578	596	566	566	532	588	550	564	494	626	604	498	548	532	602	604	602	574	552	568	578	526	520	590	532	552	578	546	602	558	578	610	510	614	574	538	510	586	582	540	620	602	552	584	622	558	514	610	588	550	584	508	568	538	548	566	552	606	558	634	598	536	524	566	560	608	518	546	524	500	530	622	594	562
	560	522	588	574	518	620	518	590	620	546	570	560	612	518	578	642	566	614	530	578	554	554	564	558	562	576	640	590	606	546	610	562	520	550	610	576	596	566	564	530	588	550	564	494	626	604	496	544	528	602	602	602	570	546	568	578	526	520	590	528	546	574	546	602	556	576	610	508	614	574	536	508	584	580	540	620	600	552	580	622	558	514	610	588	546	584	506	568	538	546	566	548	606	554	634	598	536	524	566	554	606	516	544	524	500	524	622	594	562
	558	522	588	570	518	618	518	590	620	546	570	558	612	518	578	642	566	612	528	578	552	552	562	556	558	576	640	590	606	546	610	562	520	546	610	566	594	566	564	528	582	550	562	494	624	602	496	544	528	602	600	602	570	542	568	578	526	518	590	526	544	574	544	602	556	574	608	506	610	574	536	508	582	580	540	620	600	552	580	622	558	514	610	586	544	582	504	568	538	542	566	544	604	554	634	598	534	524	566	550	602	516	540	524	498	522	620	594	562
	550	522	588	568	518	618	518	590	620	546	570	558	610	518	572	642	562	612	528	576	552	552	562	556	558	570	640	590	606	546	608	562	520	546	610	566	590	566	564	518	580	550	562	494	624	604	496	544	528	602	600	602	570	540	568	578	526	512	590	524	542	574	542	600	556	574	608	504	608	568	536	508	582	580	540	620	600	552	580	622	558	514	610	580	542	580	502	568	538	542	566	544	604	548	634	598	532	524	566	550	600	516	538	524	498	520	620	594	560
	550	522	586	564	516	614	516	586	618	544	570	556	598	516	572	640	558	612	528	574	550	550	562	556	558	570	638	590	606	546	608	562	520	546	606	564	590	566	564	510	580	550	562	490	622	600	496	542	528	602	600	600	570	538	568	574	526	512	590	524	542	574	540	598	554	574	608	500	606	568	536	508	582	580	540	620	600	552	580	620	558	514	610	580	536	580	496	568	538	542	566	544	602	548	634	598	532	524	560	550	598	516	534	520	498	518	620	594	560
	550	522	586	560	514	612	514	586	614	544	570	556	596	514	570	632	556	606	528	572	548	550	562	556	558	570	636	590	606	546	606	562	520	546	604	564	590	566	558	504	580	550	562	484	622	598	496	542	526	600	598	600	566	524	566	574	524	512	590	524	542	572	536	598	554	574	608	498	604	568	534	508	580	580	540	618	600	552	580	618	558	514	610	580	534	580	494	568	536	542	566	544	598	546	634	598	532	520	558	550	598	516	534	520	498	518	618	592	560
	550	522	586	560	514	600	514	586	614	544	568	556	596	510	570	630	556	604	528	568	548	550	562	554	558	570	636	590	606	546	606	562	520	544	602	562	590	566	558	504	580	550	562	480	620	600	496	542	526	600	596	600	566	518	564	572	524	512	590	524	542	572	530	598	554	574	608	494	600	568	534	504	580	580	540	616	600	544	580	618	558	514	608	578	534	580	492	568	534	540	562	540	596	542	634	598	532	518	558	550	596	516	532	522	498	518	618	584	560
	550	522	586	560	514	590	514	586	614	540	564	554	596	512	570	626	550	604	528	568	542	550	562	554	558	570	630	590	602	542	606	562	520	544	598	560	590	566	558	504	580	550	562	480	616	602	496	542	526	600	596	600	566	516	564	572	520	506	590	524	540	572	524	598	546	574	608	494	600	568	534	504	580	580	538	616	600	542	580	618	558	514	608	576	530	580	492	568	534	538	562	540	596	534	634	598	532	514	558	550	596	516	532	522	498	518	618	584	560
	544	518	586	560	514	588	514	586	614	538	562	554	596	508	570	616	550	604	526	566	540	548	562	554	558	570	628	590	602	540	604	562	520	544	596	560	590	566	558	504	580	548	562	480	616	602	496	542	524	598	596	600	564	516	564	570	520	502	590	524	540	572	520	598	546	568	608	492	600	568	534	504	580	580	538	616	600	540	580	618	558	514	606	576	528	580	492	568	534	538	562	538	596	526	634	598	532	512	558	548	594	516	530	522	498	518	618	584	560
	542	518	586	560	512	584	512	586	614	538	562	554	594	510	570	616	550	604	526	558	540	548	562	554	558	570	628	590	602	540	604	560	520	544	596	556	590	566	558	504	580	548	562	478	610	596	496	542	524	598	594	600	564	508	564	570	520	496	590	524	540	572	520	598	546	568	608	492	600	568	534	504	580	578	538	616	600	538	580	618	558	514	606	576	528	578	492	566	534	538	562	534	594	526	634	598	532	506	558	544	594	516	530	520	498	518	618	578	560
	536	516	586	554	512	582	512	586	614	538	560	554	586	508	570	614	548	604	526	558	540	548	562	550	558	570	624	590	602	540	604	556	520	544	596	556	590	566	558	504	580	548	562	478	610	598	496	542	524	596	594	600	564	506	564	570	514	488	590	524	540	572	518	598	546	566	608	492	598	568	534	504	580	578	536	616	600	538	580	618	558	514	606	576	528	578	492	564	534	538	562	534	594	524	630	598	532	506	556	544	594	516	530	516	498	518	618	572	560
	532	514	584	554	510	580	510	584	614	536	560	554	582	510	570	612	544	604	526	552	540	548	558	550	558	568	622	590	602	540	604	554	520	544	596	554	590	566	558	502	576	544	558	476	610	594	496	542	524	596	592	600	562	496	564	570	514	488	590	522	538	564	516	598	546	566	608	488	598	568	534	504	580	578	536	614	600	538	580	618	558	514	606	576	528	578	490	564	534	538	562	532	594	524	630	598	530	500	556	544	594	516	526	516	498	518	614	568	560
	530	514	584	554	506	574	506	580	614	536	558	554	580	504	570	606	544	604	524	552	540	548	558	550	558	562	620	590	602	540	604	554	520	544	596	554	590	566	558	498	576	540	558	476	608	586	496	538	522	594	592	600	560	494	564	570	514	486	590	522	538	564	516	598	546	566	608	488	598	568	534	504	580	574	536	612	600	538	580	618	558	510	606	576	528	578	490	562	534	538	562	530	594	520	630	598	530	498	556	544	594	516	522	516	498	518	614	566	558
	528	514	584	554	504	568	504	580	614	534	558	554	580	504	570	602	544	602	518	552	540	548	558	550	556	560	620	590	596	538	602	550	520	544	592	554	590	566	556	496	574	540	558	476	608	590	496	534	522	594	592	600	560	494	564	570	514	484	590	522	538	564	514	598	546	560	608	488	598	568	534	504	580	574	536	612	600	538	580	614	558	510	606	574	524	578	490	562	528	538	562	530	592	516	630	598	530	492	556	544	594	516	520	522	496	518	614	566	558
	526	514	584	552	502	568	502	580	614	532	558	554	576	502	570	602	544	602	516	552	538	548	556	550	556	558	620	588	596	536	598	550	520	544	592	554	590	566	554	496	574	540	558	474	604	584	494	534	522	594	592	600	560	492	562	570	512	484	590	522	538	564	514	598	546	560	608	484	596	568	534	504	580	574	536	612	600	538	580	612	558	510	606	574	522	578	486	562	528	538	562	530	590	516	630	598	530	492	556	544	594	516	514	518	492	518	610	564	558
	522	514	582	548	502	566	502	578	614	532	556	554	576	504	570	602	544	598	514	552	536	548	552	550	554	552	620	586	596	536	596	550	518	544	590	552	590	566	550	494	574	540	558	474	604	584	494	532	522	594	592	600	558	492	562	570	512	484	590	522	538	564	514	598	546	560	608	476	592	566	534	504	580	574	532	608	600	538	580	612	558	510	606	574	522	576	486	562	526	538	562	530	586	514	630	598	530	492	556	544	594	516	514	518	490	518	610	560	554
	522	514	582	548	502	566	502	572	612	532	556	554	576	498	570	602	538	594	514	552	532	546	552	550	554	540	618	582	596	536	596	550	518	544	590	548	590	566	548	494	574	540	558	474	604	582	494	532	520	594	592	600	558	492	558	570	510	484	590	522	538	564	512	598	544	560	608	468	592	566	534	504	580	574	532	606	600	538	580	612	558	510	606	574	522	576	486	562	526	538	562	530	584	512	630	598	530	492	556	542	594	516	514	518	490	518	610	560	554
	522	514	582	548	502	566	502	572	612	532	556	554	576	498	568	602	536	594	514	552	532	546	550	550	550	538	618	580	594	536	596	550	518	544	588	548	590	566	548	494	574	536	558	474	602	586	494	532	520	594	592	600	558	488	558	570	510	484	590	522	538	564	512	598	542	560	608	464	592	566	534	504	580	576	532	606	598	538	578	608	558	510	606	574	520	576	486	562	524	538	562	530	584	508	630	598	530	492	556	542	594	516	512	512	490	516	610	560	554
	518	514	582	546	502	566	502	564	612	532	554	552	574	500	568	602	536	594	514	546	532	544	550	546	550	538	618	580	594	536	596	550	518	544	588	546	590	566	546	492	574	534	558	472	602	578	494	532	520	590	592	600	558	488	558	570	510	482	590	522	538	564	510	598	542	562	606	456	592	562	534	504	580	576	532	604	598	538	578	608	558	510	606	574	516	576	486	562	524	538	562	530	584	504	630	598	530	492	556	540	594	516	510	512	486	516	610	560	554
	516	514	582	546	500	566	500	564	612	528	554	550	574	500	568	602	536	592	512	546	532	542	548	544	550	534	612	580	594	536	596	550	518	544	588	546	590	566	546	488	574	528	554	472	602	576	494	530	520	590	592	600	552	484	558	570	510	482	590	522	538	564	508	598	542	562	600	460	592	562	534	504	580	576	530	604	598	538	578	608	558	510	606	574	516	576	486	562	524	538	562	530	584	504	624	598	530	492	556	538	594	516	508	512	486	516	610	560	550
	516	514	582	546	500	566	500	564	612	528	554	550	572	496	566	602	536	584	512	546	528	542	542	544	550	534	610	578	592	536	596	550	514	544	584	542	590	564	546	488	574	528	554	472	602	578	494	530	520	590	590	600	552	474	558	566	510	482	590	522	538	564	508	598	542	556	598	456	592	562	534	504	580	576	522	604	598	538	578	608	558	510	606	574	516	576	486	562	522	538	562	526	584	504	624	598	530	492	556	538	594	516	508	514	486	516	610	560	546
	516	514	582	544	496	566	496	562	612	526	554	550	572	498	566	602	536	584	510	546	528	540	542	544	550	534	608	578	590	536	596	550	514	544	578	540	590	564	546	488	574	528	554	470	602	582	494	530	520	590	584	600	552	472	558	566	510	482	590	522	538	564	508	598	542	558	592	456	592	562	534	504	580	576	522	604	596	538	578	608	560	510	606	574	516	576	486	562	520	538	562	526	584	504	624	598	530	492	554	538	594	514	506	510	486	516	610	558	544
	510	514	582	540	496	566	496	556	608	522	554	548	572	496	566	602	536	584	506	546	526	538	542	540	550	534	608	578	590	536	596	550	514	544	578	540	590	558	546	488	574	528	554	466	602	576	494	530	520	588	584	600	552	472	558	566	510	482	590	522	538	564	500	598	542	556	590	452	592	562	530	504	580	574	520	602	594	538	576	608	562	510	606	574	514	576	486	562	520	538	562	526	584	504	622	598	530	492	554	538	594	514	506	514	486	514	610	558	544
	508	514	582	540	496	564	496	546	606	522	554	548	570	500	566	602	536	584	504	546	526	538	542	538	550	534	608	578	590	536	596	550	514	544	578	540	590	556	544	488	574	528	554	464	602	580	494	530	520	586	584	600	552	472	558	566	510	482	586	522	534	564	494	598	542	556	588	454	590	562	530	502	578	574	518	598	590	538	576	608	558	510	606	574	514	576	486	562	520	538	562	526	584	504	622	598	530	492	554	538	594	514	506	510	484	510	610	558	544
	504	514	582	540	496	560	496	544	602	522	554	548	570	492	566	602	536	582	500	542	526	538	536	538	550	534	608	578	590	536	594	550	514	544	576	540	590	556	542	488	574	528	554	464	602	582	494	530	520	586	584	600	552	472	558	566	510	482	586	522	532	564	490	598	542	548	588	452	588	562	530	502	578	574	514	598	588	536	574	608	560	510	606	570	514	576	486	560	520	538	560	522	584	502	622	598	530	492	554	538	594	514	506	510	484	508	610	558	544
	500	512	582	540	496	560	496	542	602	522	554	548	570	494	566	602	536	580	496	542	526	536	536	538	550	534	608	576	590	536	594	548	514	544	574	540	590	554	540	488	574	528	554	464	602	574	494	530	520	586	580	600	552	472	558	566	510	482	586	522	532	564	488	598	542	542	588	448	588	560	530	502	578	574	514	598	588	536	574	608	562	510	606	568	514	576	486	560	520	538	560	518	582	498	622	598	530	492	548	538	594	514	506	508	484	502	610	558	544
	500	512	582	540	496	556	496	542	602	522	554	548	570	496	566	602	542	580	496	542	526	534	536	536	550	534	608	576	590	536	594	548	514	542	574	536	590	554	540	488	574	528	554	462	602	576	494	530	520	586	580	600	552	470	558	566	510	482	584	522	532	564	486	598	542	544	588	448	588	560	530	504	578	574	514	596	588	534	574	608	558	510	606	566	512	576	486	560	520	538	558	516	582	496	622	598	524	492	542	538	594	514	506	508	484	502	610	558	542
	500	512	582	540	496	556	496	538	602	522	554	548	570	494	564	602	536	580	496	542	526	532	536	536	550	534	608	576	590	536	590	548	514	540	574	536	590	554	536	488	574	528	554	462	602	578	494	526	520	586	580	600	552	470	558	566	510	482	584	522	530	564	484	598	542	548	588	446	588	560	530	502	578	574	514	596	592	534	574	608	558	510	606	566	510	576	486	560	520	538	558	512	578	492	622	598	520	488	542	538	594	514	506	508	484	500	610	556	542
	496	512	582	540	496	556	496	538	602	522	552	548	570	490	560	602	536	580	492	542	526	532	536	536	550	534	608	576	590	536	590	548	514	540	574	536	590	554	536	488	572	528	554	462	602	570	494	526	520	586	580	600	552	470	558	566	510	482	584	522	530	564	484	598	542	542	588	442	588	560	530	504	578	574	514	596	586	532	574	608	558	510	606	566	510	574	486	560	518	538	558	512	576	492	622	598	520	486	542	538	594	514	506	510	482	500	610	556	542
	494	512	582	540	496	556	496	538	602	522	552	548	570	498	560	598	532	580	492	538	526	534	536	536	550	534	608	576	590	536	590	548	514	540	574	532	590	554	534	488	570	528	554	462	602	568	494	522	520	586	578	598	552	470	558	566	510	482	584	522	530	564	484	596	542	546	586	442	588	560	530	502	578	574	512	596	586	532	574	606	558	510	606	566	510	574	486	560	518	538	558	512	576	494	622	596	520	484	540	538	594	514	506	506	482	500	610	556	542
	494	512	582	540	496	556	496	538	602	522	552	548	566	494	560	594	530	580	492	538	526	532	536	536	550	534	608	576	590	536	590	548	514	540	574	532	590	554	530	488	570	528	554	462	602	570	494	520	520	584	578	598	552	470	558	566	510	482	582	520	530	564	484	596	542	544	586	438	588	560	530	506	578	574	510	596	586	532	562	604	558	510	606	566	510	574	486	560	518	538	554	504	576	494	622	596	516	484	540	538	594	514	506	502	482	500	610	556	542
	494	512	582	540	496	556	496	538	602	522	552	546	566	490	558	594	522	580	492	538	526	532	532	536	550	534	608	576	590	534	586	548	514	540	574	530	590	554	530	488	570	528	554	462	602	566	494	518	520	584	578	598	552	470	558	566	510	482	578	520	530	564	484	596	542	544	586	438	588	560	530	502	578	572	510	596	588	532	562	602	564	510	606	566	510	574	486	560	518	538	554	504	576	492	622	596	514	484	540	538	594	514	506	502	482	500	610	556	540
	494	512	582	538	496	556	496	538	600	522	548	546	564	490	558	592	524	580	492	538	524	532	532	536	550	530	604	576	590	534	582	548	514	538	576	530	590	554	530	488	568	528	554	458	602	566	494	518	520	584	576	598	552	468	558	566	510	482	578	516	530	564	484	594	542	542	586	440	588	560	530	500	578	572	510	596	588	532	562	600	562	506	602	564	508	574	486	560	520	538	554	504	576	492	622	596	514	482	542	536	592	512	506	504	482	498	610	554	540
	490	512	582	538	496	552	496	534	598	522	548	546	564	492	558	592	520	580	492	532	518	532	532	536	550	530	604	576	590	534	582	548	514	534	574	530	590	554	530	488	568	528	554	458	600	570	494	518	520	584	576	598	552	468	558	566	510	478	578	514	530	564	484	594	542	552	586	440	588	560	530	502	578	572	508	592	586	528	562	600	566	506	602	564	504	574	486	560	518	538	554	504	572	492	618	596	514	482	540	536	592	512	506	500	482	496	610	546	540
	486	510	582	538	496	548	496	530	598	522	548	544	564	500	552	590	520	580	492	532	518	532	528	536	552	528	604	576	590	534	580	548	512	534	576	524	590	554	530	488	568	528	554	458	598	564	494	518	520	584	574	596	550	468	558	566	510	478	574	514	530	564	484	592	542	550	586	440	588	560	530	500	578	570	508	586	588	528	562	600	560	506	602	560	504	574	486	560	518	538	554	504	568	492	612	594	514	482	542	532	592	512	506	500	482	496	610	546	540
	476	510	582	538	496	548	496	530	598	522	548	544	562	488	552	590	516	580	492	532	518	530	526	536	552	526	604	576	588	534	580	548	512	534	572	518	590	552	530	488	568	526	554	458	598	566	494	516	520	584	574	596	550	468	558	566	510	478	572	512	530	564	484	592	542	546	586	436	586	560	530	502	580	570	508	586	588	528	562	600	564	506	602	556	504	572	486	560	518	538	552	504	568	488	612	594	514	482	544	528	592	512	506	500	482	496	610	546	540
	476	510	580	538	490	548	490	530	598	522	548	542	560	492	546	590	514	580	492	530	518	534	526	536	550	522	604	574	586	534	578	548	512	534	570	516	590	550	530	488	568	526	554	456	598	568	494	514	520	584	574	596	550	464	558	566	510	478	568	512	528	564	482	592	542	546	586	438	586	560	530	502	580	570	508	586	586	528	562	598	564	502	602	552	500	572	486	560	516	538	550	504	568	488	612	594	514	482	544	528	592	512	506	502	480	496	610	546	540
	476	510	574	538	488	548	488	530	598	522	548	538	560	498	544	590	518	580	492	530	518	530	526	536	550	520	604	574	586	530	576	548	512	534	570	516	588	550	530	488	568	526	554	452	598	564	494	512	520	584	574	596	550	464	558	566	510	478	570	512	528	564	476	592	542	542	584	440	586	560	530	504	578	570	508	586	586	528	556	594	564	494	602	552	498	570	486	560	514	538	550	504	568	484	612	594	514	482	540	526	592	512	506	500	478	496	610	544	540
	476	510	574	538	486	548	486	530	598	522	548	538	560	486	544	588	514	580	492	530	518	532	524	536	546	518	604	574	586	530	574	548	512	534	572	516	588	550	530	488	568	526	554	452	596	564	494	512	520	582	574	596	550	464	558	566	510	470	568	512	528	564	476	592	542	546	584	434	584	560	530	500	578	570	508	584	586	528	554	594	558	494	602	548	498	570	486	560	514	538	550	504	568	486	612	594	514	482	540	524	592	512	506	502	474	496	608	544	540
	476	514	574	538	486	548	486	530	598	522	548	538	558	490	544	586	516	580	492	528	518	528	522	532	544	516	604	574	586	530	574	548	512	534	566	514	588	550	530	488	568	526	554	452	594	572	494	512	520	580	574	594	550	464	558	566	510	470	566	512	528	562	476	592	542	546	584	438	578	560	530	498	578	570	506	584	584	528	552	592	560	494	602	548	498	568	486	560	518	538	552	504	568	484	612	594	514	482	538	520	592	512	506	500	474	496	608	544	538
	476	510	574	538	486	548	486	530	598	522	548	536	558	498	544	586	510	580	492	528	518	530	522	532	540	514	604	574	586	528	574	548	512	534	568	514	588	550	530	488	568	526	554	450	590	568	494	512	520	580	572	594	550	464	558	566	510	472	568	512	528	558	474	592	542	544	582	438	578	560	530	496	578	570	506	582	582	528	548	592	560	494	602	544	498	568	486	560	514	538	550	504	568	484	610	594	514	482	536	520	592	512	506	498	474	496	604	544	538
	474	512	574	538	486	548	486	528	598	524	548	536	558	486	544	586	508	580	492	528	518	526	520	532	540	514	604	574	586	528	572	548	512	534	566	514	586	550	528	488	568	526	554	454	588	564	494	512	522	580	572	594	550	464	558	566	510	470	568	512	526	556	474	592	542	550	568	438	578	560	530	500	582	570	506	582	584	528	548	590	566	494	602	544	498	568	486	560	516	538	550	502	568	480	610	594	514	482	538	514	592	512	506	498	474	496	604	546	538
	474	510	574	538	484	548	484	526	598	524	548	536	556	490	544	584	502	580	492	528	518	524	516	532	536	512	604	574	586	528	572	548	512	534	568	510	586	550	526	488	568	526	548	452	586	568	494	512	520	580	570	594	546	464	558	566	510	470	570	512	526	556	474	592	538	548	566	434	578	560	530	496	576	570	506	582	576	526	548	590	562	494	602	544	498	568	486	558	514	538	552	502	568	478	610	594	514	482	538	514	592	512	506	502	474	496	602	546	538
