	0	0	0	0	0	0	0	0	0	0	0	0	0	0	0	0	0	0	0	0	0	0	0	0	0	0	0	0	0	0	0	0	0	0	0	0	0	0	0	0	0	0	0	0	0	0	0	0	0	0	0	0	0	0	0	0	0	0	0	0	0	0	0	0	0	0	0	0	0	0	0	0	0	0	0	0	0	0	0	0	0	0	0	0	0	0	0	0	0	0	0	0	0	0	0	0	0	0	0	0	0	0	0	0	0	0	0	0	0
	458	474	456	484	476	452	452	444	490	462	474	486	482	464	476	468	470	470	450	440	468	450	458	458	456	452	470	480	456	476	462	464	450	478	450	464	458	458	470	464	464	474	466	480	466	476	448	484	482	484	470	458	478	464	486	468	448	460	472	466	474	446	450	470	456	458	454	474	474	466	454	464	454	492	454	462	458	474	474	450	450	474	468	466	474	448	474	466	462	454	474	486	492	440	446	442	450	480	470	460	448	468	462	452	458	460	456	464	470
	416	416	388	398	410	408	392	374	414	398	416	418	404	392	416	400	400	398	412	396	396	394	376	386	376	386	390	428	378	416	398	390	382	416	402	410	382	394	404	396	398	394	388	402	392	392	384	428	400	420	398	392	400	410	420	414	374	398	400	416	404	376	386	402	386	390	384	404	418	406	382	396	396	406	386	414	402	400	396	394	398	398	384	396	398	396	404	392	394	392	420	412	410	364	396	378	378	396	412	392	386	392	378	382	398	404	400	388	386
	366	366	328	340	368	352	338	328	366	342	366	362	358	326	352	360	350	360	370	340	342	338	338	342	322	324	344	360	326	352	346	346	336	348	350	358	340	356	346	350	340	340	338	338	350	342	336	368	338	372	362	344	360	346	360	360	324	346	356	336	368	340	324	344	354	334	340	350	356	368	340	334	346	358	322	376	352	346	350	342	348	348	340	342	340	360	368	334	364	338	362	374	342	328	338	328	330	338	352	342	332	330	328	328	344	360	354	328	336
	332	330	288	300	336	320	308	296	308	306	298	320	322	298	308	324	314	332	320	296	308	300	308	310	286	298	294	318	298	308	314	302	306	326	314	320	298	308	306	314	312	302	304	304	326	300	310	316	318	318	328	312	322	318	332	328	296	304	320	294	328	286	284	312	314	304	310	306	314	326	308	294	310	330	278	340	314	312	320	314	320	314	302	312	306	330	330	306	332	304	330	346	304	312	312	284	302	308	314	308	292	288	292	298	294	328	312	302	298
	304	288	260	274	296	296	286	272	294	272	274	296	312	274	286	296	286	304	288	276	282	280	270	278	260	278	280	296	280	284	288	272	282	298	276	282	280	282	278	286	296	272	280	286	284	274	286	294	288	288	300	292	280	278	296	292	272	276	290	268	304	266	268	286	286	278	280	276	288	300	294	260	280	294	260	316	280	290	306	292	296	280	264	284	278	312	302	280	318	282	306	318	274	294	284	266	282	278	284	280	274	258	262	262	268	300	286	280	264
	276	282	248	252	286	282	264	258	282	256	250	276	294	258	270	282	268	286	276	250	266	258	260	256	240	260	262	272	258	266	266	250	276	278	250	268	266	266	262	262	276	250	258	262	272	258	270	274	270	268	276	274	260	262	270	272	260	260	270	252	278	252	244	264	276	254	254	256	276	278	274	252	256	272	246	288	264	270	288	266	278	268	242	266	264	286	282	272	290	260	274	294	266	284	272	250	264	252	264	252	260	246	240	244	264	280	256	260	246
	260	270	226	242	270	270	248	240	262	242	234	270	278	242	248	260	256	268	254	240	256	246	252	242	222	244	254	256	238	234	248	234	264	266	238	252	252	244	256	242	262	236	238	240	252	238	246	258	250	254	264	254	242	238	244	260	252	248	246	244	260	248	234	242	262	236	234	234	254	272	264	238	246	258	242	266	248	262	276	248	260	248	226	248	250	272	254	250	280	246	254	276	252	264	254	240	248	236	254	244	248	228	222	236	250	264	236	252	224
	254	252	218	230	264	260	244	226	246	232	226	256	256	232	244	242	240	252	234	226	244	240	242	230	216	234	246	242	234	222	238	220	244	260	230	238	250	234	250	240	244	222	226	224	244	230	238	240	242	238	264	240	234	228	230	250	234	238	240	238	248	236	218	232	246	230	214	226	242	262	250	222	234	238	240	254	242	250	264	242	246	242	204	242	232	260	248	234	262	230	234	264	244	242	238	232	236	226	234	238	232	222	216	222	230	244	220	246	210
	238	240	216	230	252	252	228	220	238	228	218	242	234	222	224	220	230	236	218	218	236	232	236	220	210	224	232	238	220	208	228	216	224	252	224	234	238	230	244	234	238	214	218	214	232	228	228	232	228	238	250	230	224	218	222	244	226	226	228	234	236	232	214	230	236	226	204	214	232	260	242	214	222	232	232	230	234	236	252	238	238	230	202	228	224	246	244	220	248	212	226	252	228	234	224	224	232	216	220	224	228	214	208	214	214	232	202	240	210
	228	234	210	230	238	236	222	214	232	218	208	234	234	216	216	206	224	234	208	214	228	226	224	212	204	220	222	230	210	194	218	206	216	238	224	228	224	224	238	224	232	206	208	208	226	222	224	228	216	228	240	218	218	206	218	234	214	218	218	232	226	226	206	224	216	220	194	200	220	250	234	206	216	222	218	222	226	224	238	236	228	228	198	218	212	234	230	202	240	206	216	248	226	228	212	204	228	202	198	220	216	208	202	212	206	228	186	228	208
	220	230	206	218	234	226	214	208	226	214	204	226	226	212	214	200	210	226	206	212	220	224	224	210	198	212	218	224	198	192	214	198	208	234	220	218	216	214	234	218	216	202	206	204	222	218	214	220	210	224	222	212	210	200	214	222	206	208	216	224	220	220	202	218	212	214	188	192	212	242	228	206	210	216	214	212	216	212	230	232	220	224	196	206	208	226	214	198	226	198	208	238	214	212	204	200	220	192	196	216	210	200	196	212	200	212	178	224	200
	218	222	204	214	228	210	212	202	220	210	200	214	218	204	206	194	204	218	196	208	214	224	218	204	184	204	214	218	186	190	208	198	202	226	218	212	210	202	226	212	210	192	202	194	218	214	210	214	204	218	216	202	204	192	208	210	198	200	208	224	212	220	200	212	212	208	188	186	212	230	214	200	200	210	206	202	210	202	230	218	208	220	194	202	206	218	210	192	222	190	204	234	212	208	202	196	212	192	188	214	202	194	196	208	198	206	176	216	196
	212	216	202	210	220	198	208	202	216	206	192	208	214	202	196	180	194	208	194	204	208	220	210	200	176	196	210	214	184	182	200	198	200	220	214	208	200	200	226	208	206	188	196	184	212	212	200	208	196	214	210	196	200	188	200	206	192	192	194	218	202	214	198	208	204	204	186	182	202	226	206	196	194	208	204	200	208	198	220	210	198	220	190	196	202	210	208	186	216	184	194	222	204	204	198	190	208	186	178	208	196	190	192	206	194	204	174	212	196
	212	212	200	208	212	188	204	198	206	194	192	202	212	196	192	176	190	202	194	202	204	212	202	196	176	192	208	210	184	178	194	196	196	214	212	204	194	192	218	202	202	184	188	180	200	206	194	208	194	208	204	190	200	182	196	204	190	188	190	212	196	210	194	208	196	204	182	178	196	222	202	192	188	206	198	198	202	190	216	202	194	220	190	194	198	206	204	180	208	178	190	204	200	200	194	190	206	182	178	206	188	184	192	202	190	198	170	208	196
	208	202	198	204	210	186	204	196	202	194	190	196	210	194	182	172	186	200	194	192	200	210	196	192	172	190	202	204	182	170	188	190	188	208	212	204	192	190	214	200	196	180	182	176	196	198	186	206	188	206	198	188	200	182	192	200	186	182	188	212	192	206	194	202	196	192	180	172	190	220	196	192	188	206	192	196	196	188	212	192	182	216	190	190	196	204	204	180	206	166	190	196	198	200	182	186	204	176	172	206	186	184	186	200	190	192	168	204	194
	202	196	192	200	206	184	200	192	198	192	188	188	206	192	180	162	182	198	192	190	198	210	190	182	170	186	198	202	176	168	178	188	186	204	212	198	190	186	208	192	186	176	180	174	192	196	184	204	182	200	192	184	196	176	190	196	186	182	186	210	190	200	192	198	194	192	174	168	190	212	190	188	184	206	188	190	192	184	200	184	182	212	186	188	192	198	196	176	204	166	182	196	194	196	182	182	204	176	164	204	186	180	182	196	186	184	166	200	190
	200	194	188	198	202	178	200	192	194	192	186	184	200	188	180	158	178	196	190	190	194	208	188	182	170	184	198	196	174	164	176	180	186	196	208	196	184	184	204	184	182	164	178	168	192	196	182	200	176	198	190	180	196	176	186	194	186	178	180	208	190	194	190	194	192	192	174	160	188	206	190	188	182	204	184	188	184	180	192	184	180	208	182	186	192	198	188	176	200	164	180	192	188	196	180	172	204	174	162	204	186	178	180	192	180	184	162	196	188
	200	192	188	198	198	172	194	190	190	188	186	180	196	188	176	158	178	192	186	190	192	204	184	180	166	176	196	196	170	164	170	172	180	194	204	196	172	178	198	180	180	164	174	166	188	194	182	196	172	194	184	176	192	174	182	192	182	174	176	208	186	188	186	190	192	192	174	158	186	206	182	188	182	202	182	182	178	180	188	178	180	202	182	186	190	196	188	176	198	164	174	188	184	192	178	172	202	172	160	200	186	176	178	188	178	178	158	190	188
	198	188	188	192	192	172	194	186	184	180	184	180	188	186	172	158	178	192	182	188	190	198	180	180	162	172	192	194	170	162	168	172	178	186	202	192	170	174	192	178	178	160	172	162	188	190	182	194	170	192	182	176	192	170	180	192	180	172	174	208	186	186	186	190	192	188	174	158	182	204	178	186	182	202	180	180	170	178	184	176	180	198	182	186	188	192	178	172	194	164	174	180	178	192	176	170	202	172	156	200	186	174	174	180	174	174	156	190	188
	194	184	188	192	188	168	194	184	180	174	180	178	186	184	168	154	176	192	178	186	190	192	180	178	162	172	192	194	168	160	168	166	174	184	198	190	166	172	182	174	170	154	168	162	184	188	180	192	168	192	172	176	192	168	180	192	180	172	174	208	182	184	180	182	184	184	168	154	180	202	176	180	182	202	180	178	164	174	184	168	176	194	180	184	186	190	176	172	190	162	172	174	174	190	176	166	200	164	156	198	182	172	174	178	170	168	150	190	184
	186	184	184	188	184	166	192	182	176	170	176	178	184	184	164	148	174	190	174	184	184	190	180	176	160	170	190	192	164	158	166	164	174	182	196	190	166	172	176	174	168	152	166	160	180	186	178	186	168	190	172	174	190	166	178	190	172	168	172	206	182	184	178	178	184	182	162	154	180	200	174	180	178	200	178	178	162	172	184	166	174	190	180	182	186	190	172	170	182	162	166	174	174	188	168	166	198	162	154	194	180	170	174	176	166	168	148	186	180
	184	182	176	186	184	162	192	174	176	166	174	178	180	180	164	146	174	190	172	180	178	186	178	176	158	170	184	188	162	156	160	156	174	180	194	184	166	170	176	170	168	152	166	160	178	186	176	182	166	190	170	172	180	164	176	188	168	166	172	202	182	182	176	174	180	180	162	154	178	200	172	180	176	200	178	178	158	168	184	164	174	188	176	178	186	190	172	170	180	156	160	170	174	186	166	164	196	160	152	192	178	168	168	170	164	166	148	184	178
	184	182	176	184	184	158	186	174	172	162	172	178	174	174	160	142	170	190	172	174	178	184	176	174	158	166	184	184	158	154	158	154	172	176	186	184	162	168	174	166	168	152	162	160	176	186	176	182	166	188	170	172	178	164	176	188	168	164	172	202	180	180	174	174	176	178	162	152	176	198	172	176	170	200	174	178	152	168	184	160	172	178	174	178	186	188	172	170	178	152	156	166	174	182	166	164	194	160	152	188	178	168	166	166	164	166	148	182	176
	184	182	174	184	182	158	184	174	170	162	170	174	172	174	158	140	170	182	164	172	174	184	176	172	156	162	178	182	152	152	156	154	172	174	184	184	158	168	172	166	166	152	160	154	174	184	174	180	166	182	160	168	176	164	174	188	166	162	168	200	180	180	174	174	172	174	162	150	176	198	172	166	168	192	172	172	148	168	184	156	172	174	174	174	186	188	170	164	176	150	156	164	172	180	166	162	190	160	152	188	176	166	164	160	162	166	148	178	176
	184	182	172	180	182	154	184	174	168	162	168	170	166	174	158	140	168	176	162	172	172	180	176	172	156	160	176	182	146	148	152	152	172	170	180	182	158	164	172	162	166	148	160	152	170	184	174	178	162	182	160	168	174	160	168	186	166	162	166	196	178	178	174	172	170	172	162	146	172	198	172	162	160	188	172	164	140	166	182	154	170	174	174	174	186	186	170	164	176	150	154	164	172	180	166	160	186	160	152	188	176	166	164	152	162	164	148	178	176
	182	180	170	174	182	154	180	170	168	158	168	170	164	170	158	134	166	176	162	172	170	180	176	172	152	156	176	180	144	148	148	150	172	168	180	182	158	160	172	160	162	142	158	148	166	182	174	178	162	182	160	168	174	158	164	184	164	160	164	196	178	174	172	168	170	170	162	144	170	192	172	162	158	186	172	164	140	164	180	154	168	172	174	174	186	186	168	162	174	148	154	162	172	180	162	158	182	160	152	186	176	162	162	152	162	164	148	176	174
	182	180	170	174	178	150	180	168	166	158	168	170	164	162	158	134	164	172	162	170	170	178	174	168	148	156	174	180	138	146	148	148	170	166	180	182	158	156	168	158	160	142	156	144	162	182	174	178	162	178	158	168	172	158	164	180	162	158	164	196	176	174	168	166	166	168	160	138	170	192	172	162	156	186	172	162	136	158	178	154	166	172	172	168	184	182	164	162	170	148	154	160	172	178	160	154	182	160	148	184	174	162	160	148	162	162	148	172	174
	180	178	170	174	178	150	174	166	166	156	166	170	164	160	158	134	162	172	162	170	170	176	174	168	148	156	164	180	138	146	148	146	166	162	178	180	156	156	168	158	160	140	156	142	160	180	172	178	162	176	154	168	172	158	164	174	162	158	160	192	176	174	166	166	164	168	160	134	170	186	172	162	152	186	172	158	136	158	178	154	166	172	168	168	180	182	164	160	166	146	154	160	172	174	160	152	182	160	148	182	174	160	160	146	160	162	144	168	170
	180	176	164	174	176	150	174	164	162	150	166	170	162	158	156	130	158	172	162	170	170	172	172	166	146	154	162	180	138	146	148	146	166	160	176	180	156	156	166	158	160	140	156	136	154	178	172	176	160	174	154	166	170	158	164	174	160	156	160	190	174	174	164	164	162	166	160	134	170	184	170	162	152	182	172	150	136	154	178	152	164	170	166	168	180	182	164	158	164	144	154	156	172	172	158	150	182	160	144	178	172	160	158	144	160	162	144	168	170
	178	176	164	174	174	150	174	160	158	146	162	164	160	156	154	128	156	170	162	168	170	170	172	164	146	154	160	178	136	146	148	144	164	160	174	180	156	156	166	156	158	136	156	134	154	176	170	176	156	172	150	162	170	158	162	172	158	154	158	190	174	174	164	162	160	164	160	132	170	184	170	160	152	176	170	150	136	152	176	146	164	164	164	168	178	182	164	156	160	144	152	154	168	172	156	150	180	158	144	176	168	160	158	142	160	160	144	168	170
	176	176	164	174	174	150	172	158	156	146	160	164	160	156	154	126	156	164	162	168	170	168	168	160	146	152	156	178	134	146	148	144	162	160	174	180	156	154	160	156	156	134	154	134	154	174	168	176	156	172	144	162	170	156	160	172	154	152	158	188	168	172	162	160	160	164	160	132	166	182	166	160	150	170	168	148	136	150	174	144	164	162	162	166	172	182	162	156	158	140	152	150	166	170	154	150	180	156	144	174	168	160	158	142	160	158	140	164	170
	172	176	164	174	166	150	172	158	156	146	160	164	160	152	154	126	156	160	162	168	166	166	168	156	144	152	156	176	130	146	146	144	162	158	172	180	154	150	158	156	156	134	154	130	154	174	166	176	154	172	142	158	168	156	156	170	150	152	158	186	164	170	162	158	158	164	158	130	166	180	166	156	150	166	166	148	136	148	172	142	164	158	160	164	170	182	158	154	156	140	152	148	164	166	154	148	178	156	144	174	166	158	156	140	158	156	138	164	170
	170	174	162	172	164	150	170	158	156	146	160	162	160	150	148	124	156	156	162	168	166	166	166	154	142	150	156	176	130	146	144	144	160	158	170	178	152	144	156	152	154	132	152	130	154	172	166	176	154	172	140	158	166	156	156	170	150	150	158	184	164	170	162	158	158	164	150	130	166	178	166	154	146	164	166	148	136	146	170	140	164	158	160	162	164	178	156	154	156	140	148	148	164	166	154	148	176	156	142	174	166	156	154	140	156	154	138	164	170
	166	170	162	170	160	148	170	158	156	146	160	162	160	148	148	124	156	156	162	168	164	166	166	152	140	148	156	176	130	140	142	144	160	158	168	172	152	142	152	152	152	130	148	124	152	172	164	174	152	170	138	158	166	156	154	168	148	150	158	184	164	170	160	158	158	164	148	130	166	178	164	154	144	162	164	148	136	144	170	138	164	158	158	162	158	178	156	152	154	140	148	148	164	166	150	146	176	156	142	170	164	156	152	140	156	154	138	162	170
	166	168	162	170	160	140	168	158	156	142	158	160	158	144	148	124	154	152	160	168	160	166	166	148	140	146	154	176	126	140	140	142	156	156	164	170	150	142	152	150	150	130	148	122	152	172	164	172	152	170	138	158	166	156	154	168	146	148	158	184	164	170	160	158	158	164	142	128	166	178	162	154	142	162	164	148	134	144	170	134	162	158	158	162	158	178	154	146	154	140	148	148	164	166	150	146	172	156	140	170	164	156	150	140	156	150	136	160	170
	166	168	162	170	152	138	168	158	156	142	156	160	158	144	146	124	154	152	160	168	160	162	166	148	138	146	154	176	126	136	140	142	154	156	164	168	150	142	152	148	148	130	146	122	148	172	162	172	152	168	138	158	166	156	152	166	146	144	158	180	164	170	160	156	156	164	140	128	162	178	162	152	142	160	162	146	134	144	170	134	162	158	156	160	156	174	152	144	154	140	146	148	164	164	150	144	172	156	140	170	164	156	150	140	154	150	136	160	170
	166	166	160	170	152	136	164	158	154	142	156	156	158	142	144	124	148	152	158	168	156	162	166	148	138	142	152	174	126	134	138	142	150	156	164	166	148	138	152	142	146	130	144	120	148	170	160	168	152	168	134	158	166	156	150	162	146	144	154	180	160	168	160	152	156	162	138	128	162	170	160	152	138	160	154	146	132	140	170	134	160	154	156	158	154	172	152	144	152	140	146	148	164	164	148	142	168	156	138	168	164	156	146	140	150	146	134	160	170
	166	164	160	170	152	134	164	156	152	140	156	154	158	142	144	124	148	150	158	168	152	162	162	148	138	142	152	174	122	134	138	140	150	156	162	166	144	138	152	142	146	130	142	120	146	168	160	168	150	168	134	156	166	156	150	160	144	144	152	180	158	168	160	150	156	160	136	126	162	170	156	152	134	160	154	146	132	140	170	134	158	152	156	158	154	168	152	144	152	138	146	148	164	162	146	140	166	156	138	168	164	152	144	140	148	146	134	160	168
	166	160	160	168	152	134	164	154	152	140	154	150	158	142	144	124	146	150	158	166	152	162	162	148	138	136	152	174	122	130	136	140	148	156	160	166	140	136	152	142	146	130	138	120	146	168	158	168	150	168	134	156	166	156	150	160	144	144	152	176	156	166	160	150	156	160	134	126	162	170	156	152	134	160	154	144	132	140	170	132	154	152	156	158	154	166	152	144	152	138	146	146	164	162	140	138	166	156	138	168	162	152	144	140	148	144	134	160	168
	164	160	160	166	152	134	164	154	150	138	154	150	158	142	144	124	146	150	158	166	152	162	162	148	138	136	152	174	122	130	136	140	148	156	160	166	140	136	152	138	146	130	136	120	140	168	158	168	148	164	134	154	164	156	150	158	144	144	150	174	156	166	158	150	156	160	134	124	162	170	156	150	134	160	152	144	132	140	170	132	154	152	156	156	152	164	152	140	152	136	146	146	164	162	140	138	166	154	136	168	162	150	144	140	148	142	134	160	168
	162	160	160	166	150	132	164	150	150	138	154	148	158	142	144	124	146	150	158	164	150	160	162	146	138	136	152	174	122	130	136	140	146	156	160	164	140	134	152	136	146	130	136	120	140	168	158	168	148	158	134	154	164	154	148	156	142	144	150	174	156	166	156	148	156	160	134	122	162	166	154	148	130	160	148	140	132	140	170	132	154	146	152	154	152	164	150	140	152	134	146	146	162	162	140	138	160	152	136	166	162	148	142	140	146	140	132	160	168
	162	158	160	166	150	132	162	148	148	138	154	148	154	138	144	124	142	150	156	160	150	160	162	146	138	136	152	174	122	130	136	140	144	156	160	162	140	134	152	136	146	128	132	120	140	168	158	168	146	158	134	154	164	152	146	148	142	144	150	174	152	166	154	148	154	160	134	122	162	166	154	146	128	158	144	138	130	136	170	132	154	142	150	154	152	164	150	140	152	132	146	144	162	162	140	136	152	150	136	162	162	148	142	140	142	140	130	158	166
	162	158	158	166	150	130	160	146	148	138	152	148	154	138	144	124	142	150	156	158	148	160	162	144	136	134	148	174	122	130	136	140	144	156	160	160	138	132	152	136	146	128	132	120	138	166	156	168	146	158	134	150	164	152	146	146	142	142	148	174	148	164	152	148	154	158	132	120	160	166	154	146	128	158	144	134	130	134	170	132	154	142	148	152	148	164	148	140	152	132	146	144	162	162	138	134	152	148	134	160	162	148	142	140	138	140	128	158	166
	162	154	158	166	148	130	156	142	146	138	152	146	152	138	144	124	142	150	154	158	146	160	160	142	136	134	146	174	122	130	136	140	144	154	160	156	136	132	150	136	144	128	132	120	136	166	154	168	146	158	134	148	164	152	144	142	140	142	148	174	148	162	152	146	154	158	132	118	160	166	152	146	128	158	144	134	130	130	170	130	154	142	146	150	146	164	148	140	152	132	146	140	162	160	138	134	152	148	134	160	162	148	142	138	138	140	126	158	164
	162	154	158	166	146	130	156	142	146	138	152	146	150	134	142	124	142	150	154	154	146	160	160	142	134	134	144	174	122	130	136	140	144	154	160	156	134	132	150	134	144	126	132	120	134	164	154	168	146	158	134	146	164	152	144	140	138	142	148	172	146	162	150	146	152	158	132	118	160	166	150	146	128	156	144	134	130	130	164	130	154	142	142	146	146	164	148	140	152	132	146	138	162	158	138	132	152	148	134	160	162	148	142	138	134	140	126	158	164
	162	152	156	166	146	130	154	142	144	138	152	146	150	134	138	124	142	150	154	154	146	160	160	142	134	134	142	172	122	130	136	140	144	154	158	154	132	130	150	132	142	126	132	120	130	162	154	166	146	156	134	146	162	150	144	138	138	142	148	172	144	158	148	146	152	156	132	118	160	166	148	142	126	156	142	134	130	130	162	130	152	142	138	142	144	164	148	136	152	132	146	138	160	156	138	128	150	148	134	158	160	146	142	138	130	140	126	158	162
	160	150	156	164	146	130	152	142	144	138	150	146	150	134	138	124	140	150	154	154	144	160	158	142	134	134	142	170	120	130	134	140	144	154	156	154	132	130	150	132	138	124	132	120	130	162	152	166	146	156	134	144	162	150	140	136	136	142	148	172	142	158	148	146	152	156	132	116	160	166	148	142	126	156	142	134	130	130	162	130	152	140	138	138	144	164	148	136	152	132	146	136	158	156	138	128	150	148	134	156	160	144	142	138	130	140	126	158	160
	160	150	156	164	144	130	150	142	144	136	144	146	148	134	138	124	140	150	152	154	144	160	158	142	134	132	142	170	120	128	134	138	142	154	156	152	132	130	150	132	138	120	132	118	126	160	150	164	146	156	132	142	162	150	136	134	136	140	148	172	142	158	146	144	150	156	132	116	158	166	148	140	126	154	142	134	130	130	162	130	152	140	138	136	144	162	146	136	152	130	144	136	156	154	136	126	150	148	134	156	156	144	140	138	130	140	126	158	160
	160	148	156	164	140	130	150	142	144	134	144	142	146	134	138	122	138	150	150	152	144	160	158	142	134	132	140	170	120	128	134	138	142	154	156	152	132	128	150	130	138	118	132	118	126	160	150	162	146	156	132	138	160	150	134	134	136	140	148	170	142	158	146	144	150	156	132	116	158	166	148	140	126	154	142	134	130	130	162	130	152	138	138	136	144	162	146	136	152	128	144	136	154	152	136	126	150	148	134	156	154	142	138	138	126	140	126	158	156
	160	146	156	164	140	130	146	142	142	134	144	142	144	134	138	122	136	150	150	150	144	158	158	142	134	130	140	170	120	128	134	138	140	154	156	152	132	128	150	130	138	118	130	118	126	160	150	160	146	156	130	136	160	150	132	130	136	140	146	168	140	156	146	144	150	154	132	116	156	166	146	138	124	154	142	132	126	130	162	130	152	138	138	134	144	162	146	136	152	128	144	136	154	152	136	124	150	148	134	156	152	142	136	138	126	140	126	158	154
	160	144	156	162	138	130	144	142	142	134	142	142	144	134	138	122	136	148	148	150	144	158	158	140	128	130	138	170	120	126	134	138	138	154	156	150	130	128	150	130	136	118	130	118	124	160	150	160	142	154	130	136	160	150	130	130	136	140	144	168	140	152	146	142	150	148	132	116	156	166	146	138	124	152	142	132	124	130	162	130	152	136	134	134	144	162	146	136	150	128	144	136	154	152	136	122	148	148	134	154	152	140	136	138	126	138	124	154	154
	160	144	154	160	138	130	142	142	138	134	140	140	144	132	138	122	136	146	148	148	142	158	158	140	128	130	138	170	120	124	132	138	138	154	156	150	128	126	150	130	136	116	130	118	122	160	146	160	142	154	130	136	160	148	130	128	136	140	144	164	140	152	146	142	150	148	132	116	156	166	144	136	124	152	142	128	122	130	162	130	150	134	128	134	144	162	146	136	150	128	142	136	152	152	136	122	148	148	132	154	150	140	136	138	126	136	124	152	154
	160	144	154	160	136	130	142	142	136	134	140	140	142	132	138	120	136	146	146	148	142	156	158	140	128	130	138	168	120	124	132	138	138	150	152	150	128	126	150	130	134	116	130	118	122	160	146	160	140	154	130	136	160	148	130	126	136	140	142	164	140	150	146	142	150	146	132	116	154	166	140	136	124	150	142	128	122	130	160	130	148	134	128	132	144	162	146	136	146	128	142	134	152	152	136	120	148	148	132	154	146	140	136	138	126	136	124	150	154
	160	144	154	160	136	130	140	142	136	134	138	140	142	132	138	120	136	146	146	148	140	156	156	140	128	130	138	168	118	124	132	138	138	148	148	150	128	126	150	130	134	116	130	118	122	158	146	160	140	154	130	134	160	148	130	126	136	140	142	164	140	150	146	142	150	144	132	116	152	166	138	136	124	150	142	126	122	130	158	130	148	132	126	132	144	162	146	136	146	128	142	134	152	152	136	118	148	148	132	154	146	140	134	138	122	136	124	150	154
	160	144	152	160	134	130	140	142	136	134	138	140	142	130	138	120	136	146	146	148	140	156	154	140	128	130	138	168	118	124	132	138	138	148	148	150	126	126	150	128	134	116	130	118	122	156	146	160	140	154	130	130	156	148	130	126	136	140	142	162	140	148	146	142	148	144	132	116	150	166	138	136	120	150	142	124	122	130	156	128	148	132	126	132	144	162	146	136	146	126	142	134	152	152	136	116	146	146	132	154	146	140	132	136	118	136	124	150	154
	160	144	152	160	132	130	140	140	136	130	134	140	142	130	138	120	136	146	144	148	140	156	154	140	128	130	138	168	118	124	130	138	138	142	148	150	122	126	148	128	134	114	130	116	122	156	142	160	140	152	128	130	156	148	128	124	136	140	142	160	140	148	144	142	148	142	130	116	150	166	138	136	118	150	142	124	122	128	156	126	148	132	124	130	144	162	146	136	144	126	142	134	152	152	136	114	144	146	132	154	142	140	132	136	118	136	124	146	154
	160	142	150	160	132	130	140	140	136	128	134	140	142	130	136	120	136	146	142	146	140	156	152	138	128	130	138	168	118	124	130	138	136	140	148	150	122	124	148	126	134	112	130	112	122	154	142	160	140	152	128	130	154	148	128	124	134	138	142	160	138	148	144	142	148	140	130	116	150	166	136	136	118	150	142	124	122	128	156	124	148	132	124	130	144	162	146	136	144	126	142	132	152	150	136	114	144	144	132	154	142	140	130	136	118	136	124	140	152
	160	140	150	160	128	130	138	140	136	126	134	140	142	130	136	120	136	146	140	146	140	154	152	138	128	128	136	168	116	124	130	138	134	138	148	150	122	122	148	126	134	112	130	112	122	154	142	160	140	152	128	128	154	148	128	124	134	138	142	160	138	148	144	142	146	140	130	116	150	166	132	136	118	150	142	124	122	126	156	124	148	132	124	128	144	162	146	136	144	126	142	130	150	150	136	114	144	144	132	154	140	136	130	136	118	136	124	140	152
	156	140	148	158	124	130	138	140	136	120	134	140	142	130	136	120	136	146	140	144	140	154	150	136	128	124	136	168	116	124	130	138	132	138	148	150	120	122	148	126	134	112	130	110	122	154	142	160	140	152	128	128	152	148	128	122	134	138	142	160	138	148	144	142	146	138	130	116	150	166	132	136	118	150	140	124	118	124	156	124	148	132	124	128	142	162	146	134	144	126	142	130	150	150	134	114	144	144	132	154	140	136	130	136	116	136	124	140	152
	156	138	148	158	124	130	138	140	134	120	134	140	142	130	136	120	136	146	140	140	140	152	150	136	128	124	136	168	116	122	128	138	132	138	146	150	120	122	148	126	134	110	130	108	122	154	142	158	136	152	128	128	152	148	128	122	132	138	142	160	138	148	144	142	146	138	130	116	150	166	132	136	118	150	140	124	118	124	156	124	144	132	124	128	142	162	146	134	144	126	142	130	150	150	134	114	140	144	132	154	140	134	130	136	114	136	124	138	152
	154	138	148	158	124	130	138	138	134	118	132	138	142	130	134	120	136	146	140	140	140	148	148	136	126	124	136	166	116	122	126	138	132	138	144	150	120	122	144	126	134	108	130	108	122	152	142	156	136	152	126	128	152	148	128	122	132	138	142	156	138	148	142	142	146	138	130	116	150	162	132	136	118	148	138	124	118	124	156	124	144	132	124	128	142	162	144	132	144	126	142	130	150	150	134	114	140	144	130	154	140	134	130	136	114	136	124	138	152
	154	136	144	158	124	130	138	138	134	118	130	138	142	130	134	120	136	146	138	140	138	148	148	136	126	124	136	164	116	122	126	138	130	138	144	150	118	120	140	126	132	108	130	108	122	152	142	154	136	152	124	128	152	146	128	122	130	136	142	154	138	146	142	142	146	136	130	116	146	160	130	136	118	148	136	124	118	124	156	124	144	132	124	128	142	162	144	130	144	126	142	130	148	148	134	112	136	144	130	154	140	132	130	136	114	136	124	136	150
	154	136	144	156	120	130	136	138	134	118	130	138	142	130	134	120	136	146	136	138	138	146	148	134	126	124	136	164	114	122	126	136	130	136	142	150	118	120	140	124	132	104	130	108	122	150	142	154	136	150	124	128	152	146	128	122	128	134	142	154	138	144	142	142	146	136	130	116	146	158	128	136	118	148	136	122	118	124	156	124	142	132	124	128	142	162	142	130	144	126	142	130	146	148	134	112	136	144	130	152	140	132	130	134	114	136	124	136	150
	154	136	142	154	120	130	134	138	134	118	130	136	142	130	134	118	136	144	130	138	138	146	148	132	126	124	136	164	114	120	126	136	130	136	140	150	118	118	140	124	132	104	128	108	122	148	142	154	136	150	124	128	152	146	128	122	124	134	142	154	138	144	142	142	144	136	128	116	144	158	128	136	118	148	136	122	118	124	156	122	142	132	122	128	142	162	142	130	144	126	140	130	146	148	134	112	136	142	130	152	140	132	130	134	112	136	124	136	150
	154	136	140	154	120	130	134	138	132	118	128	136	142	130	134	118	134	142	126	136	138	144	148	132	126	124	136	164	114	120	126	136	130	136	136	150	118	118	140	124	130	104	128	108	122	148	142	154	136	150	124	128	152	146	128	122	124	132	142	154	138	144	142	142	144	136	128	114	144	156	126	136	118	148	136	122	118	124	156	122	142	132	122	128	142	162	142	128	144	126	140	130	140	148	132	112	134	142	130	152	140	132	130	134	112	136	124	134	150
	154	136	140	154	120	130	134	138	132	118	126	134	142	130	134	118	134	142	122	134	138	144	146	132	124	124	136	164	114	120	124	134	128	134	136	150	118	118	138	124	128	104	126	108	122	148	142	154	136	148	124	128	152	144	128	120	124	132	140	154	138	144	142	142	142	134	126	114	142	154	126	136	118	148	136	120	118	124	156	122	142	132	122	128	142	162	142	128	144	124	140	130	140	148	132	112	134	140	128	152	140	132	130	134	112	136	124	134	150
	154	136	140	154	120	130	132	138	132	118	122	132	142	130	134	118	134	142	120	134	138	144	146	132	124	124	136	164	114	120	124	134	128	134	136	150	116	118	138	124	128	104	126	108	122	148	142	154	136	148	122	126	152	144	128	120	124	132	140	154	138	144	142	142	142	134	126	114	142	154	126	136	118	148	136	118	118	124	156	122	142	132	122	128	142	162	142	128	144	124	140	130	138	148	132	112	134	138	128	152	138	132	130	134	112	136	124	134	150
	154	136	138	154	120	130	132	138	132	118	122	130	142	130	134	114	134	140	120	132	138	142	144	132	124	124	134	164	114	120	124	134	128	134	136	150	116	118	138	124	124	104	126	108	122	146	140	152	136	148	122	124	152	142	128	120	124	132	140	154	138	144	142	142	142	134	126	114	138	154	126	136	118	148	136	116	118	124	156	120	142	132	122	128	140	162	140	126	144	124	140	130	134	148	132	112	132	138	126	152	136	132	130	132	110	136	124	134	150
	154	136	138	154	120	130	132	136	132	118	122	130	142	130	134	112	134	140	120	132	138	142	140	132	122	124	134	164	114	120	122	134	126	134	136	150	116	116	138	124	124	104	126	108	122	144	140	150	136	148	122	124	152	142	128	120	122	132	138	152	134	144	142	142	142	134	126	114	138	152	126	134	118	148	134	116	118	124	156	120	142	130	122	128	140	160	140	126	144	124	140	130	130	148	130	112	132	136	126	150	136	132	130	130	110	136	124	134	148
	152	136	138	154	120	130	132	136	132	118	120	128	142	130	134	112	134	136	120	132	136	142	138	132	122	122	134	164	114	120	120	134	126	134	132	150	116	116	138	124	124	104	126	108	122	144	138	150	136	148	122	124	150	142	128	120	122	132	138	152	134	144	142	142	140	134	124	114	132	150	126	132	116	146	132	116	118	124	154	120	142	130	122	128	138	160	140	126	144	124	140	130	130	148	130	112	132	136	124	150	136	130	130	130	110	136	124	134	148
	150	136	138	154	120	130	132	136	132	118	118	128	142	130	134	112	132	136	120	132	136	142	136	130	122	122	132	164	114	118	120	134	126	134	130	148	116	116	138	124	124	104	126	108	122	144	138	150	136	148	122	122	150	142	128	120	122	132	136	148	132	144	142	142	136	134	124	112	132	150	126	132	116	146	132	116	118	124	154	118	142	130	122	128	138	158	140	126	144	124	140	130	130	148	130	112	128	136	124	150	136	128	130	130	110	136	120	134	148
	148	136	138	154	120	128	132	136	132	118	116	126	142	130	134	110	132	136	118	132	136	140	136	130	120	122	132	164	114	118	120	132	126	134	130	148	114	116	138	124	124	104	126	108	122	144	138	150	136	148	122	122	150	142	128	120	122	132	134	146	132	144	142	142	136	134	124	112	128	150	124	132	112	146	132	116	114	122	154	118	140	130	122	128	138	158	140	126	144	124	140	130	130	148	128	112	128	136	124	150	136	128	130	130	108	136	120	134	144
	148	136	138	154	120	128	132	136	132	118	114	126	142	130	134	110	132	136	118	132	136	136	134	130	116	122	130	164	114	118	120	132	126	134	130	148	112	116	136	124	122	104	126	106	122	144	138	150	134	148	122	122	150	142	128	120	122	130	134	146	132	140	142	140	134	134	124	112	126	150	124	130	112	146	130	116	114	122	152	118	140	130	122	126	138	158	140	126	144	124	140	128	130	148	128	110	128	136	122	150	136	128	130	130	108	136	116	134	144
	148	136	138	154	118	128	132	136	132	118	110	126	142	130	134	110	132	136	118	132	136	136	134	130	116	122	130	164	114	118	120	132	126	134	130	148	108	116	136	124	122	104	126	102	122	144	136	150	134	148	122	122	150	142	128	120	122	130	134	146	132	140	142	140	134	134	124	112	124	148	124	128	112	146	130	116	114	120	150	118	140	130	122	126	138	158	140	126	142	124	140	128	128	148	128	110	128	136	122	150	136	126	130	130	108	136	116	132	144
	146	134	138	154	118	128	132	136	132	118	110	126	138	130	134	108	130	136	116	132	136	136	134	130	116	122	130	164	114	118	120	132	126	134	128	148	108	116	136	122	122	104	126	102	122	144	136	150	134	148	122	122	150	140	126	120	122	130	134	146	132	140	138	140	134	134	122	108	124	148	122	126	112	146	130	116	114	118	148	118	140	130	122	126	138	158	140	126	142	124	138	126	126	148	128	110	128	136	122	148	136	126	130	130	108	136	116	132	144
	146	134	136	154	116	128	132	136	132	118	110	126	138	130	134	108	128	136	116	132	136	136	134	130	112	120	130	164	114	118	120	132	126	134	128	148	108	116	136	122	122	104	126	102	122	144	136	150	134	148	122	122	150	140	126	118	122	130	134	146	130	140	138	140	134	134	122	108	124	148	122	120	110	146	130	114	112	118	146	116	140	130	122	126	138	156	140	124	142	124	138	124	126	146	126	110	128	136	122	148	136	124	130	130	108	136	116	132	142
	146	134	136	154	116	128	132	136	130	118	110	124	138	130	134	108	128	136	116	130	136	136	134	130	112	120	130	164	114	118	120	132	126	132	128	148	108	112	134	122	122	104	126	102	122	144	136	150	134	148	122	122	148	138	126	118	122	130	134	142	130	136	138	140	134	134	120	108	124	148	122	118	108	144	130	114	112	118	142	116	140	130	122	126	138	156	140	124	140	124	138	124	126	146	126	110	128	136	122	148	134	124	130	130	108	136	116	132	140
	144	134	136	154	114	126	132	134	130	116	110	124	138	130	134	106	128	136	116	130	136	136	132	130	110	120	130	164	114	116	120	132	126	132	128	146	108	112	132	120	122	104	124	102	122	144	136	148	134	148	122	122	148	138	126	118	122	130	134	142	130	136	138	140	134	134	118	108	124	148	122	118	108	144	130	114	112	118	142	116	140	130	122	124	138	156	138	122	140	124	138	124	126	146	124	106	128	136	122	148	134	124	130	130	108	136	116	132	140
	142	134	136	154	114	126	132	132	130	116	110	122	138	130	134	106	128	136	116	128	134	136	132	130	110	120	128	164	114	114	120	132	126	128	128	146	108	112	132	120	122	104	124	102	122	144	136	146	134	148	122	122	146	136	126	118	122	130	134	140	130	132	138	140	134	134	116	108	124	144	122	118	108	144	130	114	112	118	142	116	138	130	122	124	138	156	138	122	140	124	138	124	126	146	124	106	128	136	122	148	134	124	130	130	108	136	116	132	140
	142	134	136	154	114	126	132	132	128	116	110	122	138	128	134	106	128	136	116	126	134	136	130	130	110	118	128	164	114	114	120	132	126	128	126	146	108	112	132	120	122	104	124	102	122	144	136	146	134	146	122	122	146	134	126	118	122	130	134	138	130	132	138	140	134	134	114	108	124	142	122	116	108	142	130	114	112	114	142	114	136	128	122	124	138	156	138	122	140	124	138	124	126	146	122	106	128	136	122	148	134	122	130	130	108	136	116	132	140
	142	134	136	154	114	126	132	132	128	116	110	120	138	126	134	106	128	136	116	126	134	136	130	130	110	118	128	164	114	114	120	132	126	128	126	146	106	110	132	120	122	104	124	102	122	144	136	146	134	146	122	122	146	132	126	118	122	130	134	138	128	126	138	140	134	134	114	108	122	142	122	114	108	142	130	114	110	114	142	114	136	128	120	124	138	156	138	122	140	124	136	124	126	146	122	106	126	136	122	148	134	122	130	130	108	136	116	130	140
	142	134	136	154	114	126	132	132	128	116	110	120	138	126	134	106	128	134	116	124	134	136	128	128	110	118	126	164	114	114	120	132	126	128	126	146	106	110	132	120	122	104	124	100	120	142	136	146	134	144	122	122	146	132	126	118	122	130	134	138	128	126	138	140	134	132	114	108	122	142	122	114	108	142	130	114	110	114	142	114	132	126	120	124	136	154	138	122	140	122	136	124	126	146	122	104	126	136	122	148	134	122	130	130	106	136	116	130	140
	142	134	136	154	114	126	132	132	126	116	110	120	138	126	134	106	128	134	116	124	134	136	128	128	110	118	126	164	114	114	120	132	124	128	126	144	106	110	132	120	122	104	124	100	120	142	136	144	134	144	122	122	146	132	126	118	122	128	134	138	128	126	138	140	134	132	114	108	120	140	122	114	108	142	130	114	110	114	142	114	132	126	120	124	136	154	138	122	140	122	134	124	126	146	122	104	126	136	122	148	134	122	130	130	106	136	116	130	140
	142	134	136	154	114	126	132	130	126	116	110	120	138	126	134	106	128	134	116	124	134	136	128	128	110	118	126	164	112	114	120	132	124	128	126	144	106	110	132	120	122	104	122	100	120	142	136	144	134	144	122	122	146	132	126	118	122	126	134	138	126	126	138	140	134	130	114	108	120	140	122	114	108	142	130	114	108	114	142	114	130	126	120	124	136	154	138	122	140	120	134	124	126	146	122	104	126	136	122	148	134	122	130	130	106	136	114	130	140
	140	134	136	154	114	126	132	130	126	116	110	120	138	126	134	104	128	134	116	124	134	136	126	128	110	116	126	164	112	114	118	132	124	128	126	144	106	108	132	120	122	104	118	100	120	142	136	140	134	142	122	122	146	132	124	118	122	124	134	138	126	126	138	140	134	128	114	104	120	138	122	114	108	142	130	114	106	114	140	114	130	126	120	124	136	154	138	122	140	120	134	124	126	146	122	104	126	136	122	148	130	122	130	130	106	136	114	130	140
	132	132	136	154	114	120	132	130	124	116	110	120	138	126	134	104	126	134	116	124	134	136	126	128	110	116	126	164	112	114	118	132	124	128	124	144	106	108	132	118	122	104	116	100	120	142	136	140	132	142	122	122	146	132	124	118	122	124	134	138	126	126	138	140	134	126	114	104	118	138	122	114	108	140	130	114	106	114	138	114	130	126	120	124	136	154	138	122	140	120	132	124	126	146	122	104	126	136	120	148	130	120	130	130	106	136	114	130	138
	130	132	136	154	114	118	132	128	124	116	110	120	136	126	134	104	124	134	116	124	134	136	126	128	110	116	126	164	112	114	118	132	124	128	124	144	106	108	132	116	122	104	116	100	120	142	136	138	132	142	122	122	146	132	124	118	122	124	134	138	124	126	138	140	134	126	114	104	118	136	122	114	108	140	130	112	102	114	138	114	130	126	120	122	136	154	136	122	140	120	130	124	126	146	122	104	126	136	120	148	128	120	130	130	106	136	114	130	138
	128	132	136	154	114	118	132	126	124	116	110	120	136	126	134	104	124	134	116	124	134	136	122	128	110	116	126	164	112	112	116	132	124	128	124	144	106	108	132	116	122	104	116	100	120	140	136	138	132	142	122	122	146	132	124	116	122	124	134	136	124	126	136	140	134	124	114	104	118	136	120	114	108	140	130	110	102	114	138	114	130	126	120	122	136	154	136	122	140	118	130	124	126	146	122	104	126	136	120	148	124	120	130	130	106	136	114	130	138
	128	132	136	154	114	116	132	126	120	116	110	118	136	126	134	104	122	134	116	124	132	134	122	128	108	116	126	164	112	112	116	132	124	126	124	144	106	108	132	116	120	104	116	100	120	136	136	138	130	142	122	122	146	132	124	112	122	124	134	136	124	126	134	138	134	124	114	104	118	136	120	114	108	140	130	108	102	114	138	114	130	126	120	122	136	154	136	122	140	118	130	124	124	146	122	104	126	136	120	148	124	120	130	130	106	136	114	130	138
	128	130	136	154	114	116	132	126	120	116	110	116	136	126	134	104	120	132	116	124	132	134	122	128	108	116	126	164	112	112	116	132	124	126	124	144	106	108	132	114	120	104	114	100	120	132	136	138	128	142	120	118	146	132	124	112	122	124	134	134	124	126	134	138	134	124	114	104	118	134	120	114	108	140	130	108	100	114	138	114	130	126	120	122	136	154	136	122	140	118	130	124	124	146	122	104	126	136	120	146	124	120	130	130	106	136	114	130	138
	128	130	136	154	114	116	132	126	120	116	110	114	136	126	132	104	120	132	116	124	132	134	122	128	108	116	126	162	112	112	114	132	124	126	124	144	106	108	132	110	120	104	114	100	120	132	134	136	126	142	120	118	146	132	124	110	122	124	134	134	124	126	132	136	134	124	114	104	118	132	120	114	108	138	130	108	100	114	138	114	130	126	120	122	136	154	136	122	140	118	130	124	122	146	122	104	126	136	118	146	124	120	130	130	106	136	112	130	138
	128	130	136	154	114	116	132	126	120	116	108	112	136	124	132	104	118	132	116	124	132	134	122	126	108	116	126	162	112	112	114	132	122	124	124	142	106	108	132	108	120	104	114	100	120	132	132	136	126	142	120	118	146	132	124	110	122	124	134	134	124	126	132	136	134	124	114	104	118	132	118	114	108	138	128	108	100	114	138	114	130	126	120	122	136	152	136	122	140	116	130	124	122	146	122	104	126	136	118	144	124	120	128	130	106	136	112	130	138
	126	130	136	154	114	116	130	126	116	116	108	112	136	124	132	104	118	132	116	124	132	134	122	126	108	116	126	160	112	112	114	132	120	122	124	142	106	108	132	108	120	104	114	100	120	128	132	136	126	138	120	118	146	132	124	110	120	124	134	134	124	126	132	136	134	124	114	104	118	130	118	114	106	134	128	108	100	114	138	114	130	126	120	122	136	152	136	120	140	116	130	124	122	146	122	104	126	134	118	144	124	120	128	130	106	136	112	130	138
	120	130	134	154	114	114	130	126	114	116	108	112	134	124	132	102	118	130	116	124	130	134	122	124	108	116	126	160	112	112	114	132	120	122	124	142	106	108	128	108	118	104	114	100	120	128	132	136	126	138	120	118	146	132	124	108	120	124	132	132	124	126	132	136	134	124	114	104	118	130	118	112	104	130	128	106	100	114	138	114	130	126	120	122	134	152	136	120	140	116	130	124	122	146	122	102	126	134	118	142	124	120	128	130	106	134	112	128	138
	118	128	134	154	114	114	130	126	114	116	108	110	134	124	132	102	118	130	116	124	130	132	122	124	106	116	126	160	112	112	114	132	118	120	124	142	106	108	128	108	118	104	114	98	120	126	132	136	124	138	120	118	146	132	124	108	118	124	132	130	124	126	132	134	134	124	114	104	118	130	118	112	104	130	128	106	100	114	136	114	130	124	120	122	134	152	136	118	138	116	130	124	122	146	122	102	126	134	118	142	122	116	128	130	106	132	112	124	138
	118	128	134	154	114	114	130	126	112	116	108	110	134	124	130	100	116	130	116	124	130	132	122	124	106	116	126	160	112	112	114	132	118	120	124	142	106	108	128	108	118	104	110	98	120	122	132	136	124	138	120	116	146	132	124	108	118	124	132	128	124	124	132	134	134	124	114	104	118	130	118	112	104	130	128	106	100	114	136	112	130	122	120	122	134	152	136	118	138	116	130	124	122	144	120	102	126	134	118	140	122	114	128	130	106	132	110	124	138
	118	128	134	154	112	114	130	124	112	116	108	110	134	124	130	100	116	130	116	124	128	132	122	124	106	116	124	158	112	112	114	132	118	120	124	142	106	108	128	108	118	104	110	98	120	122	130	136	124	138	120	114	146	130	124	108	118	124	132	128	124	122	130	134	134	124	114	104	118	130	118	112	104	130	128	106	100	114	136	112	130	122	120	118	134	150	136	118	138	116	130	124	122	142	120	102	126	134	118	140	120	110	128	130	106	132	110	122	138
	118	128	134	154	112	114	130	124	112	114	108	110	134	122	130	100	116	130	116	124	128	132	122	124	106	116	124	158	112	112	114	132	118	120	124	142	106	106	128	108	116	104	110	98	120	122	128	134	124	138	120	114	146	130	122	108	116	124	132	128	124	122	130	134	134	124	110	102	118	130	118	112	104	130	128	106	100	114	136	112	130	122	120	116	134	148	136	118	138	116	130	124	122	142	118	102	126	134	118	140	120	110	128	130	106	132	110	122	138
	118	128	134	154	112	114	126	124	112	114	108	110	134	122	130	100	116	130	116	124	128	132	120	122	106	116	124	158	110	112	114	132	118	120	124	142	106	106	128	108	116	104	110	98	120	122	128	132	124	138	120	114	146	130	122	108	116	124	132	126	122	122	130	134	132	124	108	102	118	130	116	112	102	130	128	106	100	114	136	112	130	122	120	114	134	146	136	116	138	116	130	124	122	142	118	102	126	134	118	140	118	110	128	130	106	130	110	122	138
	118	126	134	154	112	114	126	124	112	114	108	110	134	122	130	100	116	130	116	124	128	132	120	122	106	116	124	158	110	112	114	132	118	120	124	142	106	106	128	108	116	104	110	98	120	122	128	132	120	138	120	114	146	128	122	106	116	124	132	126	122	122	128	134	132	124	106	102	118	128	116	112	102	130	128	106	100	114	136	112	130	120	120	114	134	146	136	116	136	114	130	124	122	140	118	102	126	134	118	140	118	110	128	130	106	130	110	122	138
